2761.4092000000073
2761.429499999999
2758.150100000003
2760.066099999999
2757.868000000001
2834.2518999999993
2831.3067999999985
2832.9895999999967
2832.8941999999984
2827.3707000000004
2885.976699999998
2887.9302999999973
2885.1237999999958
2886.6153999999983
2881.976299999999
2886.462499999999
2886.002400000007
2884.4903999999974
2891.1690999999996
2883.942500000001
2858.6501000000026
2861.2639000000004
2861.7816000000025
2861.3323
2859.391799999993
2858.0097999999934
2857.970199999997
2861.5501
2859.0564000000027
2860.4324999999944
2845.5168999999996
2849.236299999998
2843.9891999999995
2845.3895000000007
2842.712099999996
2844.6162000000045
2845.036399999997
2845.787499999999
2845.559999999999
2847.709499999999
2873.2234000000076
2875.1006
2872.5300000000016
2873.5229999999983
2873.053599999999
2889.8860000000004
2894.9811999999993
2893.186699999997
2896.8179999999925
2892.646000000001
2934.8977999999984
2926.154399999999
2928.9040999999975
2928.338699999997
2926.889000000002
2960.2431
2960.4441000000047
2961.0480000000025
2955.8816000000033
2957.7484000000045
2988.4228999999978
2987.356500000004
2988.6850999999974
2986.9375000000045
2984.6825000000013
3003.8862000000036
3006.968099999999
3008.543499999996
3006.895699999998
3005.4139999999998
3026.5478
3020.0214999999953
3019.1604
3020.0324999999984
3020.9635000000035
3026.1059000000014
3027.0008000000016
3028.002600000002
3028.3878999999997
3025.8525000000013
3044.9087999999997
3043.7060000000065
3040.3511000000017
3044.7965000000036
3045.1189000000018
3048.6223999999997
3046.4485000000004
3044.3893000000007
3052.328099999996
3049.212500000005
3049.996000000001
3051.734300000001
3053.1251000000016
3051.1964999999977
3052.492499999998
3066.1957000000066
3059.883499999998
3066.923800000001
3063.664200000006
3064.317800000001
3067.909999999998
3066.3598000000015
3071.5935999999997
3067.6436999999974
3069.256099999996
3058.7076000000043
3060.483000000004
3065.001199999998
3062.7585
3060.748099999999
3060.1764999999923
3060.796299999996
3062.7704000000067
3061.4979000000008
3061.245799999997
3059.370900000001
3058.611099999998
3057.5161999999973
3057.4893999999995
3056.787399999998
3059.6941000000047
3058.6816999999965
3058.7961999999975
3056.2212000000004
3058.324699999996
3071.5514000000007
3068.5060999999987
3068.118600000001
3072.0407000000055
3068.134400000001
3074.0265999999974
3071.118299999998
3072.655899999996
3074.0553999999975
3073.6699000000017
3066.9653000000044
3066.318299999998
3065.8525000000027
3077.3934000000054
3072.605199999999
3077.1647000000003
3070.1338000000014
3076.3836000000006
3076.9491999999977
3066.308999999993
3079.2410999999997
3080.620700000003
3076.2581000000005
3079.2005000000004
3077.1387999999974
3092.2816000000034
3092.3066
3094.218900000002
3092.984500000001
3091.1687999999967
3098.9362000000024
3092.129399999997
3099.971400000001
3102.247099999998
3094.5903
3098.042699999999
3098.1549999999993
3095.747899999998
3094.4258999999956
3095.3307000000036
3089.0466000000024
3090.545799999996
3089.281600000002
3091.110500000005
3097.1782000000035
3082.8423999999986
3097.7059999999965
3093.440699999999
3092.751300000002
3087.804600000001
3075.919899999999
3071.1508999999996
3080.309599999999
3073.457099999997
3069.7677000000026
3056.6842000000065
3053.4354999999996
3052.604500000001
3062.3225999999995
3053.6378000000022
3030.8428999999937
3027.293899999997
3029.8992
3027.9594000000006
3028.764600000001
3003.9041
3002.8430000000003
3007.086900000007
3007.1269000000007
3000.3223
2976.4398
2975.8525999999993
2977.0065999999993
2974.1530999999977
2979.590699999993
2956.1072999999983
2956.3880999999997
2958.4326000000024
2958.803100000001
2960.983200000001
2930.5984
2931.9532000000067
2933.071700000002
2928.8244999999965
2932.517899999997
2913.0090999999998
2910.5901000000003
2909.1654999999996
2916.845600000003
2910.5274999999997
2893.7297999999973
2896.0544999999984
2893.4030999999977
2889.9062000000013
2897.7837999999992
2880.7845000000007
2878.7008999999957
2880.0528999999997
2882.044599999999
2877.095100000001
2871.320400000002
2866.0607999999993
2872.9286
2873.8932999999925
2869.964200000003
2887.694399999998
2877.751399999999
2877.179300000002
2881.211000000001
2881.1575999999995
2902.8896000000004
2904.807499999998
2902.8226000000013
2905.279399999996
2906.8848000000016
2908.992400000003
2909.8560999999986
2913.0988
2912.814699999997
2913.4609000000023
