2795.625399999999
2797.755500000001
2801.993700000001
2802.0147999999995
2798.709100000005
2801.9804999999997
2796.4771999999994
2796.7164999999954
2797.7792999999997
2796.1888999999987
2794.437299999999
2792.016799999998
2791.9955999999975
2795.7285
2793.547900000005
2791.779799999998
2791.1475
2791.388399999999
2790.855300000003
2790.8634999999954
2790.6089000000075
2792.0913000000005
2790.705
2793.3131999999987
2790.473600000001
2788.570099999999
2788.155299999999
2788.3413999999984
2787.9928
2790.8803999999986
2787.747099999998
2786.474799999997
2787.409099999998
2786.749399999995
2789.7209000000016
2787.1550999999995
2786.9123000000004
2787.7828000000013
2787.5330999999996
2788.7683999999967
2783.922900000001
2783.5989999999993
2784.6848000000014
2788.306999999999
2785.6193999999996
2784.2208000000005
2783.8884
2785.8076000000015
2784.9121000000005
2784.0738999999967
2785.3398000000066
2784.134499999997
2783.7245000000016
2785.099799999998
2783.9240000000036
2788.622800000001
2785.551399999998
2787.523500000004
2785.615400000001
2788.239499999999
2784.707099999997
2785.8120000000035
2786.486100000003
2787.185800000002
2786.2559000000006
2785.811500000002
2785.674999999998
2786.984599999998
2789.0055999999986
2785.9875000000006
2784.3513000000003
2785.5309
2783.150599999999
2782.6029000000044
2785.484199999995
2786.7997000000014
2784.091200000004
2783.6420999999996
2783.149799999999
2783.225300000002
2784.5182000000023
2782.5274999999997
2782.531300000001
2783.565899999998
2783.3700999999987
2783.764300000001
2783.1138000000024
2780.9198000000006
2781.5973000000026
2780.529099999999
2778.1561000000015
2778.5077
2778.295499999999
2780.747599999998
2782.2290999999987
2781.1762000000003
2777.0244999999954
2778.1568
2779.0137999999997
2778.2500999999984
2777.9750999999983
2776.769100000002
2775.989600000002
2776.017099999999
2776.8892999999975
2777.382899999996
2777.3408000000027
2777.2196000000004
2777.105099999996
2782.308899999999
2776.9657000000016
2776.723500000001
2776.248500000001
2776.767000000003
2778.561800000003
2781.038499999999
2777.6650999999965
2776.437499999998
2775.5625000000005
2776.1796000000013
2781.5083999999997
2778.225200000002
2779.6754000000014
2776.284100000002
2775.4661000000033
2779.9519000000005
2775.583100000002
2774.7090000000003
2776.7506999999955
2774.9809000000014
2780.9624999999974
2773.5045000000005
2774.2762000000016
2775.8454000000042
2780.390599999999
2775.063000000005
2775.4743
2773.9374000000007
2774.8070999999995
2773.9784999999997
2775.7621000000017
2777.6944000000017
2781.8158000000026
2781.2331999999988
2776.505700000002
2778.1004999999973
2776.5187
2777.0588999999954
2776.6819000000028
2775.7617000000014
2776.2848000000004
2776.3660000000036
2775.945399999998
2774.1976000000036
2775.7133999999996
2773.2739999999994
2773.5081999999998
2781.0436999999993
2775.2800000000047
2773.600199999998
2775.234800000003
2774.6663999999946
2774.606900000003
2776.890700000005
2777.026800000001
2772.595400000002
2777.1215000000025
2773.6630000000005
2772.6716999999976
2772.6851
2773.3545
2773.144699999999
2777.0546999999974
2772.5995000000016
2774.1370000000006
2778.5393000000004
2774.995399999999
2774.081499999999
2773.8945000000017
2773.539699999997
2773.9970000000003
2774.8133999999995
2774.221900000001
2775.950599999998
2773.876599999994
2777.8528999999953
2773.222599999995
2775.190600000001
2772.430299999996
2777.0296000000017
2774.064099999998
2773.117900000002
2776.7249000000024
2771.7583000000004
2773.4443
2777.430699999997
2778.536599999998
2773.5642999999964
2773.247300000001
2773.6221999999993
2777.606399999994
2778.021200000003
2775.812799999999
2775.1729000000064
2776.9356999999977
2776.9491000000003
2774.1026000000043
2771.7881000000007
2774.254299999998
2774.4396999999935
2775.318699999997
2773.4330999999975
2773.054199999997
2774.9959000000013
2780.142300000001
2773.852699999998
2777.1541999999995
2777.4860000000012
2773.577700000004
2773.4348
2773.0584000000053
2778.297300000003
2778.399999999997
2774.3396999999945
2776.8392000000013
2774.3424
2777.336999999996
2775.5397999999996
2779.0561000000002
2774.3973999999935
2774.390299999999
2775.5953000000013
2774.9368999999997
2775.6231999999973
2776.4617999999987
2776.9840000000045
2777.6016999999993
2775.9933999999985
2776.1324000000027
2775.823500000001
2779.3899999999976
2777.558199999997
2776.8403
2778.373999999999
2776.009200000003
2775.2533999999964
2774.417199999999
2774.271500000002
2779.5777000000053
2776.767099999998
3282.805900000002
3268.736399999998
3271.8304999999996
3269.8472000000006
3269.942400000005
3267.069399999996
3269.102300000002
3269.4933000000065
3266.996399999998
3267.330299999999
3264.6226
3263.027100000004
3266.5047
3262.5833000000016
3264.755599999997
3259.3623000000002
3261.8487000000005
3261.6668000000004
3263.9745999999986
3264.3308999999986
3257.2727999999993
3262.521200000003
3257.453999999994
3259.5866
3258.1095999999966
3257.6827
3257.7089999999985
3254.933100000004
3257.568999999997
3257.4751999999994
3256.6298000000043
3258.6132000000025
3256.923899999999
3257.9395000000013
3256.688900000001
3256.0842999999954
3256.021100000006
3253.3432
3255.676299999995
3253.850000000004
3251.6609000000008
3251.8250000000044
3251.7550999999994
3255.2089000000024
3253.833800000001
3255.6232000000027
3252.733900000004
3253.5283999999974
3251.827399999998
3255.677600000002
3253.843400000001
3253.238900000005
3252.293000000001
3253.6481999999955
3250.114500000007
3248.821100000003
3251.9775000000004
3248.6965999999998
3250.4173
3250.729300000007
3250.4938000000075
3251.3242000000023
3250.3662999999992
3248.3439999999982
3250.446199999995
3249.8186999999994
3251.9492000000014
3248.328899999999
3247.7020000000057
3250.2204999999976
3247.4402000000046
3249.350899999998
3247.452799999995
3247.030900000002
3250.4184999999984
3250.749
3250.9674000000023
3248.675099999997
3248.324999999995
3248.2414999999987
3251.281200000002
3249.3258000000014
3250.7167000000027
3249.2875999999974
3249.1221
3249.3381999999997
3247.8358999999987
3247.7512000000006
3245.646600000005
3248.531600000002
3246.1111999999976
3248.1576000000027
3248.7937999999954
3248.0814000000023
3249.7749000000063
3246.315700000004
3247.5479000000037
3247.7050999999956
3247.7193000000016
3249.0791999999983
3249.184999999994
3248.0149999999985
3245.667100000002
3249.0435000000007
3248.1393000000003
3247.5232
3249.0497000000037
3250.0902999999958
3252.5967999999993
3248.595099999999
3248.8837999999987
3252.9637
3251.2308999999964
3252.1112999999978
3249.2341999999985
3251.872699999996
3252.527500000001
3252.0423999999994
3247.666399999999
3254.153599999996
3252.258499999997
3255.1806
3253.974699999995
3253.816300000001
3248.4454000000037
3255.5531000000015
3254.4388000000004
3253.9086999999968
3255.4695999999985
3254.4726000000014
3252.1926000000008
3254.584300000004
3255.271199999997
3254.404500000002
3252.3087000000005
3255.2723999999976
3253.843399999996
3255.5012000000006
3256.3522000000053
3256.6871000000006
3255.568800000001
3255.659499999997
3255.511300000006
3255.1873999999984
3256.1685000000007
3255.4225999999985
3256.5529999999994
3255.5891999999944
3256.731300000003
3255.2549
3255.444700000006
3254.8099000000057
3253.5161000000003
3254.8879000000043
3255.3207999999977
3253.3631999999984
3253.0595999999996
3254.877599999996
3253.909800000001
3255.343599999996
3253.6918000000014
3254.7129000000027
3254.8306000000016
3254.701599999997
3253.2193000000016
3257.1404000000043
3255.315800000001
3257.4149000000025
3253.4910000000023
3254.823499999996
3254.0053000000007
3256.0803999999994
3256.464099999996
3256.6477000000054
3256.7994999999964
3255.641600000003
3255.7659000000035
3255.699800000003
3255.1866000000036
3253.5448999999985
3255.6028000000033
3255.6654000000026
3255.6733999999997
3254.4751
3257.018299999998
3255.6069999999995
3254.1119999999905
3255.1615000000024
3255.9195999999956
3256.4985999999985
3256.8433999999984
3256.3988999999992
3256.3877000000007
3255.7862000000014
3255.947399999997
3254.8114
3253.774300000001
3255.4172999999987
3253.6592000000055
3252.715699999998
3254.8433999999975
3253.247899999999
3253.650200000004
3252.3194
3254.1035999999986
3253.2543999999943
3253.4159999999997
3253.346
3252.439099999999
3252.775600000002
3252.813399999997
3253.675699999998
3253.6840999999995
3253.9322000000016
3253.7537999999986
3252.9888000000033
3253.7903000000033
3253.0732
3253.454499999999
3252.8266000000017
3252.574299999995
3252.6333999999974
3252.887000000003
3252.7235999999994
3251.940100000004
3251.9193000000005
3251.056899999999
3251.1886999999956
3251.9256
3252.0860000000002
3252.126700000004
3250.696200000001
3252.089699999997
3252.323699999994
3252.2963999999993
3253.160199999996
3251.568899999997
3252.9210999999964
3252.148699999992
3253.0286999999985
3252.9651000000003
3253.913899999999
3251.3289000000004
3253.8636
3254.3041000000035
3253.987400000001
3252.5588000000002
3252.0998000000027
3252.6444999999976
3250.5598000000027
3007.7788000000005
2998.5803000000014
2999.0283
2998.516600000003
2998.627699999996
2989.8258999999957
2989.7926999999995
2990.919299999996
2989.618100000002
2989.054100000001
2991.347800000001
2990.559699999999
2990.5938
2991.4571999999935
2991.374599999997
2993.763799999999
2992.933700000001
2993.3983999999978
2993.5467999999964
2992.4399000000026
2990.633200000001
2990.3296000000014
2991.0895000000014
2991.3277999999978
2992.110900000002
2985.145200000003
2985.6291999999985
2985.313899999995
2985.7202000000007
2987.7983000000013
2987.702600000003
2988.0653000000048
2988.8057999999987
2988.669
2988.571399999998
2990.246400000002
2990.3718999999996
2990.324400000003
2990.622400000002
2989.3321000000005
2988.2794
2988.332700000003
2987.5125000000007
2988.1870999999974
2989.565200000001
2987.7564999999986
2988.209099999999
2987.0656000000026
2987.9622
2991.6359000000007
2986.3758000000003
2986.050300000002
2985.447899999996
2985.8770999999974
2986.2239999999974
2982.458399999998
2983.223299999997
2982.5426999999977
2981.777499999998
2982.9175999999998
2979.7380000000016
2981.3991000000005
2981.3280999999965
2979.674400000001
2980.2787999999955
2978.889399999998
2980.4531999999926
2978.3046
2980.136599999999
2978.5122000000006
2976.6726999999973
2975.573699999997
2974.5400999999974
2975.5837999999994
2975.270599999993
2977.3085999999967
2978.066899999999
2977.9692
2977.0535
2977.638699999998
2979.4156999999977
2980.162100000001
2979.138100000005
2980.1091000000033
2980.654400000001
2983.8533999999977
2983.9116999999997
2984.074599999998
2985.3329999999996
2982.5536999999995
2984.129300000006
2983.430099999997
2983.6722999999984
2983.535200000002
2985.446200000004
2986.2176999999992
2986.2444000000028
2986.094600000001
2986.2416999999996
2986.3214999999996
2989.0356000000015
2989.579400000003
2989.6356000000014
2989.8596000000034
2989.353200000001
2990.9936
2992.3446999999996
2991.7182999999973
2992.2765000000018
2992.1383000000023
2999.2007999999987
2998.2957999999953
2998.678699999995
2999.9019999999996
2999.3462999999997
3000.5534000000025
3001.351699999998
3002.301000000002
3001.7234000000076
3001.1443999999988
3005.4673999999977
3006.8527999999956
3007.1025000000027
3004.9670000000006
3006.628400000005
3008.3683999999994
3008.8299000000015
3009.8837999999987
3008.5980999999965
3008.233899999999
3010.1115999999984
3009.561099999996
3010.394700000001
3010.3469999999984
3009.167100000002
3012.0007000000073
3012.954699999999
3013.146800000002
3012.2676000000015
3012.949800000002
3015.8223999999977
3015.3893000000016
3017.0285000000035
3016.3089999999984
3015.481299999998
3022.5653999999963
3021.4468000000015
3023.156699999997
3021.695100000001
3022.8607999999967
3028.138699999997
3028.299800000005
3027.7139999999986
3027.754899999997
3028.6778999999997
3031.205599999999
3030.6474000000017
3031.772100000002
3031.0870000000045
3031.604200000002
3035.3033999999975
3034.788100000003
3035.6582999999964
3035.3756000000026
3034.8468000000025
3039.269300000001
3039.2235000000014
3038.9687999999983
3039.099999999996
3039.8406999999997
3042.763300000001
3043.570700000001
3043.662000000002
3043.755599999996
3043.431999999996
3047.6136
3048.1854999999964
3047.4026
3047.4211000000023
3047.438200000001
3052.1236000000004
3051.6501
3051.499399999995
3051.5440000000003
3051.9991999999984
3056.2507
3057.251400000003
3057.648100000002
3056.534600000004
3057.888899999998
3062.700599999999
3061.9548999999984
3061.6919
3062.7032000000017
3062.2666000000017
3070.8627999999976
3069.798900000002
3070.5604000000035
3069.9902
3069.7598000000007
3077.2180000000017
3076.2924999999973
3074.991100000004
3077.2658000000024
3075.464499999997
3079.9405999999954
3078.451800000005
3080.176700000003
3078.260800000002
3079.0044999999955
3080.5856999999983
3079.074399999999
3080.9663999999984
3078.0532999999964
3079.3307000000036
3080.6245000000054
3081.3122999999955
3080.706299999999
3080.193200000001
3080.3921999999975
3083.2056000000007
3082.406499999998
3081.8468000000044
3082.6562999999965
3080.8153000000016
3081.9703999999992
3080.9305999999983
3081.2773000000025
3080.926100000001
3080.8154000000004
3075.8909000000012
3076.7725
3077.436099999999
3076.128699999999
3076.0717000000027
3068.424200000003
3068.367300000001
3068.134199999997
3068.324700000003
3069.380099999998
3064.7804000000006
3063.8302000000003
3064.0957999999973
3063.574500000002
3064.0076999999987
3060.080599999998
3059.1915000000054
3059.966300000001
3058.9867999999988
3059.6783999999993
2768.8036000000025
2761.760500000004
2768.1288
2761.1769999999997
2767.750800000005
2767.519100000002
2774.201799999996
2776.4763000000007
2775.900799999994
2774.8289999999997
2776.5023999999994
2784.213800000001
2779.900400000003
2779.7821999999987
2776.864099999996
2784.110699999999
2784.4698000000008
2783.569900000001
2780.278599999997
2783.9355000000046
2780.6817999999985
2781.795900000001
2785.5719999999965
2785.421800000002
2781.6712000000016
2780.2027999999964
2786.2940000000044
2784.7021
2785.2453999999984
2783.9828999999977
2778.825
2780.1857999999993
2777.874800000001
2775.8035000000023
2774.6119000000003
2775.8653999999983
2772.2191999999995
2776.0879999999956
2772.6643000000017
2776.949700000002
2771.632100000003
2771.9058999999984
2773.754899999998
2774.864999999999
2773.4531000000006
2775.0082000000025
2772.950299999995
2776.7853999999984
2775.5835999999967
2771.963999999996
2775.729700000005
2777.8921000000037
2774.7890999999936
2776.801299999999
2778.4454999999975
2778.8266999999973
2778.5268000000005
2778.2059000000013
2778.9250999999977
2776.858799999999
2774.5534999999954
2779.0498999999973
2777.253599999999
2774.856799999996
2777.1713000000022
2774.2754999999956
2776.834499999999
2774.3270999999995
2778.1087000000043
2777.1465000000007
2775.727499999998
2774.261500000003
2775.0290999999975
2775.7004999999995
2779.2102999999993
2779.7516000000046
2777.4023999999977
2779.018600000005
2779.793699999998
2775.405099999999
2778.7168000000006
2774.987899999998
2778.298800000003
2775.1375000000016
2775.100200000001
2779.9292999999925
2779.8357000000074
2778.0379000000044
2780.141600000002
2779.883799999997
2781.134300000001
2779.961700000001
2780.553799999998
2778.401900000002
2779.2260000000006
2784.516999999996
2785.628200000004
2785.537499999999
2779.8798999999963
2782.022700000003
2786.5944
2785.5403999999967
2785.610300000005
2782.963899999999
2788.894799999999
2788.8912999999966
2789.7958999999996
2786.6697999999965
2788.6507000000006
2787.597999999998
2787.880400000003
2789.8666000000017
2790.4545000000053
2791.046600000002
2788.8589000000034
2788.258999999999
2792.2853
2792.9099
2790.963800000004
2789.127900000001
2792.493399999997
2794.5114999999973
2792.6343000000006
2793.823799999995
2795.4719999999993
2797.573300000001
2794.1713000000004
2796.9849000000013
2796.254400000003
2796.0649000000026
2799.193200000002
2796.6415999999977
2801.3115000000016
2798.1339999999955
2798.769499999998
2799.5260000000026
2799.3442999999993
2802.535299999997
2801.817600000002
2799.1179999999963
2805.6966999999995
2806.976499999998
2807.1377999999977
2805.6293999999994
2806.7749000000035
2803.7741000000024
2805.4360000000015
2805.1399000000038
2805.3532000000027
2801.082800000002
2805.4742000000015
2804.8321000000014
2805.3379000000027
2805.7765000000013
2805.505499999996
2809.3027
2807.7837999999983
2810.141699999996
2807.756699999996
2808.5247
2810.7936999999956
2810.957500000002
2810.8534000000013
2811.351399999998
2810.863499999997
2816.1177999999973
2815.4446999999964
2816.2461999999964
2815.4199000000035
2812.411400000006
2819.793700000002
2819.1685999999986
2816.546300000001
2816.131400000002
2819.2670000000007
2821.5015999999996
2818.7378999999987
2817.4721000000004
2822.718499999999
2822.012900000002
2825.217599999999
2824.522700000002
2824.930299999999
2824.939099999996
2825.262099999998
2826.6879000000013
2829.0652999999966
2827.3747
2827.686500000007
2826.2747000000004
2827.685800000001
2828.9832000000033
2828.3483
2828.3352000000027
2828.1157999999955
2832.6076000000003
2832.8405999999973
2831.553999999995
2833.8421999999987
2834.0998999999965
2837.4316
2837.605500000004
2834.0571000000064
2837.187099999996
2838.6429999999996
2841.476099999998
2840.9323000000013
2840.9454999999984
2840.4364
2837.8225000000007
2843.5429999999974
2844.164600000005
2843.542700000001
2843.034700000002
2844.5426
2848.6949
2851.180700000001
2848.204900000003
2848.650699999996
2848.0911999999994
2855.9299999999957
2854.1029
2855.081399999999
2855.2571999999964
2850.4401000000003
2852.304499999996
2856.5399000000025
2856.6571999999974
2856.1797000000042
2861.2050000000004
2855.0258999999983
2859.651699999999
2861.984299999998
2855.007999999999
2859.5940000000037
2860.2975999999976
2854.1358999999993
2854.858900000001
2858.7327999999984
2855.970600000001
2854.9090000000006
2865.634199999998
2860.6222
2861.2310999999963
2860.5789999999993
2860.9734000000058
2860.9667999999974
2854.622600000001
2855.027600000002
2860.5409000000013
2603.5116999999973
2621.3492999999985
2620.330600000001
2624.734699999999
2624.4938000000006
2616.8173000000006
2615.442700000002
2619.160399999999
2616.966300000001
2619.096299999997
2631.686700000002
2631.324200000002
2631.234299999999
2631.780100000002
2633.2416999999987
2633.1012999999994
2633.9924999999985
2632.483299999999
2632.1373000000003
2635.365600000001
2633.0094000000004
2631.956000000004
2632.325799999997
2633.6660999999967
2631.7957999999985
2630.4736999999973
2626.5012999999944
2628.016400000002
2628.2738999999965
2624.438799999998
2612.757000000001
2615.6471000000033
2618.262200000003
2617.036500000001
2613.250499999998
2606.8864999999973
2606.101100000002
2604.680700000005
2607.307500000001
2608.0685000000008
2594.6272999999987
2593.6823000000027
2593.9947
2595.377299999999
2593.3971999999994
2581.940800000001
2583.5138000000034
2584.894499999996
2582.841099999998
2587.519000000001
2581.9091000000003
2583.3032
2583.2902
2582.8229000000015
2580.3171
2581.9760000000015
2579.2761000000023
2577.4665000000055
2580.564199999998
2579.5644999999995
2580.072900000005
2579.2763999999993
2580.384699999998
2583.955300000001
2579.990799999996
2578.0105999999982
2577.0406
2579.5023999999994
2576.7255000000005
2579.625999999999
2581.152199999998
2577.5295999999967
2576.1270000000027
2578.363000000002
2579.425100000001
2582.8637999999996
2582.3474000000056
2583.306199999999
2583.932799999998
2584.106900000002
2588.338100000005
2588.525599999996
2586.860199999995
2588.251400000001
2587.9224999999956
2593.9847000000027
2592.1299999999974
2590.4703999999997
2592.9432
2594.630900000003
2593.5366000000035
2591.1233000000016
2593.096900000001
2592.417400000001
2591.069300000002
2587.2834000000025
2588.4141000000022
2589.630499999998
2586.441900000003
2585.321299999999
2587.6261000000013
2585.4557999999984
2585.7834000000003
2584.8293999999996
2583.9942999999994
2581.8745000000035
2580.753699999992
2583.9022000000055
2585.657900000004
2585.764300000002
2583.6394999999993
2585.5173999999984
2581.292800000001
2582.9405999999976
2583.4437000000003
2580.4216000000024
2577.9394000000007
2579.1691999999985
2577.7906000000057
2579.7151999999996
2576.681399999993
2576.1922000000013
2578.9244000000003
2579.3436000000047
2575.9588000000012
2574.452
2576.2815000000014
2569.8812999999996
2573.700099999999
2574.3507000000022
2576.5376000000015
2577.188700000001
2575.533800000001
2575.1718000000023
2577.9296
2569.7771000000034
2569.211299999998
2570.335200000001
2570.365299999999
2567.171299999997
2561.341100000003
2558.2400999999977
2561.1337999999982
2561.479500000004
2559.379099999998
2556.3396999999986
2555.7575000000047
2553.2607999999987
2557.2873000000045
2558.064400000001
2550.7868000000003
2548.4613999999992
2548.509200000004
2550.184300000001
2553.5750999999973
2543.401100000001
2544.7868
2545.9061000000033
2544.4314999999974
2539.7959000000023
2535.4726999999984
2537.4147000000016
2537.293500000002
2535.3091999999956
2533.493300000006
2528.4958000000015
2529.4231
2537.2103000000016
2528.3308000000047
2530.3789
2522.5775000000035
2521.5650999999993
2523.852100000003
2525.2082000000005
2524.054500000003
2518.8471000000013
2518.8362000000006
2518.0999000000043
2520.3856
2519.4916000000003
2518.4885999999974
2520.0416
2518.3804000000014
2522.001600000001
2519.9426999999964
2514.8432000000034
2515.7922999999964
2517.8882999999987
2521.546500000002
2516.6415999999977
2511.7988999999984
2512.8692999999976
2512.2859
2511.4432999999954
2512.644500000003
2508.2644000000005
2505.808500000002
2509.9851999999983
2506.7842999999993
2507.5199000000025
2506.0319999999974
2505.1594000000014
2504.897500000001
2505.123100000002
2504.7482000000027
2502.094099999994
2506.1447000000026
2501.1815
2501.6030999999994
2502.379600000004
2496.7053999999976
2495.6551000000018
2499.257500000004
2492.5348999999987
2496.7399999999975
2484.860699999994
2488.930500000001
2489.216699999997
2487.2922000000003
2491.6715999999997
2482.124899999998
2485.5779999999995
2483.138400000002
2484.5997000000016
2481.338899999999
2479.2615999999985
2479.4444000000035
2477.490799999999
2475.586300000004
2480.7807000000007
2469.7678
2471.9085999999975
2467.9016000000024
2470.4590000000017
2469.986200000001
2463.3948000000005
2464.820600000001
2463.048700000001
2464.228299999999
2462.422599999993
2453.422599999999
2454.198699999997
2454.5293000000024
2453.0533999999975
2455.7494999999985
2444.867999999998
2447.0329999999985
2447.8265000000038
2445.5801999999994
2448.9839999999986
2619.1217999999994
2627.7933000000007
2629.0686999999984
2628.994800000002
2629.7872000000025
2761.4092000000073
2761.429499999999
2758.150100000003
2760.066099999999
2757.868000000001
2834.2518999999993
2831.3067999999985
2832.9895999999967
2832.8941999999984
2827.3707000000004
2885.976699999998
2887.9302999999973
2885.1237999999958
2886.6153999999983
2881.976299999999
2886.462499999999
2886.002400000007
2884.4903999999974
2891.1690999999996
2883.942500000001
2858.6501000000026
2861.2639000000004
2861.7816000000025
2861.3323
2859.391799999993
2858.0097999999934
2857.970199999997
2861.5501
2859.0564000000027
2860.4324999999944
2845.5168999999996
2849.236299999998
2843.9891999999995
2845.3895000000007
2842.712099999996
2844.6162000000045
2845.036399999997
2845.787499999999
2845.559999999999
2847.709499999999
2873.2234000000076
2875.1006
2872.5300000000016
2873.5229999999983
2873.053599999999
2889.8860000000004
2894.9811999999993
2893.186699999997
2896.8179999999925
2892.646000000001
2934.8977999999984
2926.154399999999
2928.9040999999975
2928.338699999997
2926.889000000002
2960.2431
2960.4441000000047
2961.0480000000025
2955.8816000000033
2957.7484000000045
2988.4228999999978
2987.356500000004
2988.6850999999974
2986.9375000000045
2984.6825000000013
3003.8862000000036
3006.968099999999
3008.543499999996
3006.895699999998
3005.4139999999998
3026.5478
3020.0214999999953
3019.1604
3020.0324999999984
3020.9635000000035
3026.1059000000014
3027.0008000000016
3028.002600000002
3028.3878999999997
3025.8525000000013
3044.9087999999997
3043.7060000000065
3040.3511000000017
3044.7965000000036
3045.1189000000018
3048.6223999999997
3046.4485000000004
3044.3893000000007
3052.328099999996
3049.212500000005
3049.996000000001
3051.734300000001
3053.1251000000016
3051.1964999999977
3052.492499999998
3066.1957000000066
3059.883499999998
3066.923800000001
3063.664200000006
3064.317800000001
3067.909999999998
3066.3598000000015
3071.5935999999997
3067.6436999999974
3069.256099999996
3058.7076000000043
3060.483000000004
3065.001199999998
3062.7585
3060.748099999999
3060.1764999999923
3060.796299999996
3062.7704000000067
3061.4979000000008
3061.245799999997
3059.370900000001
3058.611099999998
3057.5161999999973
3057.4893999999995
3056.787399999998
3059.6941000000047
3058.6816999999965
3058.7961999999975
3056.2212000000004
3058.324699999996
3071.5514000000007
3068.5060999999987
3068.118600000001
3072.0407000000055
3068.134400000001
3074.0265999999974
3071.118299999998
3072.655899999996
3074.0553999999975
3073.6699000000017
3066.9653000000044
3066.318299999998
3065.8525000000027
3077.3934000000054
3072.605199999999
3077.1647000000003
3070.1338000000014
3076.3836000000006
3076.9491999999977
3066.308999999993
3079.2410999999997
3080.620700000003
3076.2581000000005
3079.2005000000004
3077.1387999999974
3092.2816000000034
3092.3066
3094.218900000002
3092.984500000001
3091.1687999999967
3098.9362000000024
3092.129399999997
3099.971400000001
3102.247099999998
3094.5903
3098.042699999999
3098.1549999999993
3095.747899999998
3094.4258999999956
3095.3307000000036
3089.0466000000024
3090.545799999996
3089.281600000002
3091.110500000005
3097.1782000000035
3082.8423999999986
3097.7059999999965
3093.440699999999
3092.751300000002
3087.804600000001
3075.919899999999
3071.1508999999996
3080.309599999999
3073.457099999997
3069.7677000000026
3056.6842000000065
3053.4354999999996
3052.604500000001
3062.3225999999995
3053.6378000000022
3030.8428999999937
3027.293899999997
3029.8992
3027.9594000000006
3028.764600000001
3003.9041
3002.8430000000003
3007.086900000007
3007.1269000000007
3000.3223
2976.4398
2975.8525999999993
2977.0065999999993
2974.1530999999977
2979.590699999993
2956.1072999999983
2956.3880999999997
2958.4326000000024
2958.803100000001
2960.983200000001
2930.5984
2931.9532000000067
2933.071700000002
2928.8244999999965
2932.517899999997
2913.0090999999998
2910.5901000000003
2909.1654999999996
2916.845600000003
2910.5274999999997
2893.7297999999973
2896.0544999999984
2893.4030999999977
2889.9062000000013
2897.7837999999992
2880.7845000000007
2878.7008999999957
2880.0528999999997
2882.044599999999
2877.095100000001
2871.320400000002
2866.0607999999993
2872.9286
2873.8932999999925
2869.964200000003
2887.694399999998
2877.751399999999
2877.179300000002
2881.211000000001
2881.1575999999995
2902.8896000000004
2904.807499999998
2902.8226000000013
2905.279399999996
2906.8848000000016
2908.992400000003
2909.8560999999986
2913.0988
2912.814699999997
2913.4609000000023
