2712.475799999999
2737.8295999999955
2753.866999999995
2653.1214999999966
2774.5597999999995
2685.403199999999
2717.5973000000013
2714.8129999999956
2803.9443999999944
2654.2474999999986
2776.5138999999986
2814.7897
2797.7382000000007
2705.379800000004
2846.8770999999997
2631.628199999999
2823.099500000001
2678.4187999999986
2737.427
2718.0004000000004
2769.664
2783.4949000000015
2818.673200000003
2643.3412999999987
2848.056099999997
2630.1031000000025
2832.387000000003
2673.3381000000018
2780.055600000004
2811.8254000000015
2792.816400000003
2664.891700000002
2665.492299999998
2788.5894000000008
2666.650100000003
2735.0279
2759.9576999999986
2654.3347000000017
2703.1053
2856.2076000000025
2744.8884000000003
2798.8922000000002
2723.2598000000007
2865.303000000001
2778.6925999999976
2870.934899999997
2856.6748000000007
2481.733800000002
2728.491699999999
2784.6912000000007
2728.7447
2741.996900000003
2845.6355000000035
2886.7806999999966
2660.824900000001
2647.788399999995
2699.8336999999983
2852.544500000002
2882.2240000000006
2707.8744999999994
2612.8454999999967
2717.4109999999987
2495.5729000000015
2878.8890999999962
2824.5839999999976
2672.0731999999975
2844.509900000002
2773.043599999998
2801.9271999999964
2747.206100000001
2788.4277000000016
2728.071300000003
2790.980599999999
2866.5288999999993
2810.0124999999994
2781.3389000000043
2798.4565999999973
2757.235400000001
2813.138799999999
2896.3814999999986
2841.1499000000003
2775.0463999999974
2687.778700000001
2775.1016999999997
2858.8321999999976
2687.0430999999994
2735.9288999999985
2717.037400000003
2741.305900000001
2904.848500000004
2851.8366
2788.8627000000047
2829.0995
2768.829600000001
2865.8604000000014
2847.202900000009
2873.826499999998
2808.4149000000007
2671.5541000000003
2721.693600000004
2813.8576
2886.2931
2897.4323000000013
2831.536999999995
2802.5654000000036
2896.4151999999967
2759.8934999999983
2806.856799999998
2788.648799999998
2924.7710000000015
2880.6749999999993
2867.6509999999994
2726.441100000002
2865.775100000004
2733.185999999996
2855.6978000000013
2707.039699999999
2850.927700000001
2785.014900000002
2786.875100000004
2805.759200000007
2860.1448000000023
2806.2652000000007
2756.422299999998
2824.0896000000016
2875.8585000000007
2738.0817000000056
2840.6160999999993
2830.044699999999
2770.0073999999972
2802.656899999998
2713.1945000000014
2850.706099999998
2805.8917
2863.466600000002
2785.7934000000027
2722.240299999999
2812.418200000002
2746.2858999999994
2728.6577000000034
2783.4250000000006
2840.8419999999996
2717.412200000009
2770.5788000000034
2895.4240000000013
2784.202100000003
2753.981999999999
2723.9702000000025
2795.0469999999973
2791.845100000001
2720.9834000000014
2670.9017999999996
2728.0177000000026
2859.3455000000004
2817.200699999998
2681.0304999999985
2787.723599999998
2803.9685000000036
2719.036100000001
2652.8780999999976
2791.6149000000037
2755.7739999999976
2666.268
2872.145600000001
2788.3644000000027
2913.243400000005
2842.721300000002
2716.0607999999997
2790.919700000003
2707.3213000000037
2733.863599999998
2768.8469000000014
2766.4774000000016
2853.5516000000002
2888.699800000001
2818.295799999997
2690.5928000000004
2746.694600000001
2752.2930000000024
2842.4071999999987
2857.249800000002
2873.992100000004
2659.8598000000025
2757.0388000000016
2716.725600000001
2768.3969
2538.960999999997
2700.9025999999985
2770.2974999999997
2733.9715999999967
2744.911000000001
2780.0697999999975
2816.705999999997
2734.256599999993
2685.719799999997
2863.2763000000004
2734.819799999999
2720.5788000000007
2678.227999999996
2731.959300000001
2726.962300000004
2679.500199999999
2580.554400000002
2802.0820999999987
2517.5540000000015
2650.749200000002
2792.0295000000015
2558.6354999999985
2668.2994999999955
2639.833199999998
2701.5314000000017
2748.2918000000004
2685.9637000000007
2696.2868000000008
2466.2693000000013
2676.727800000001
2596.9628000000002
2696.1535000000003
2751.384999999998
2679.3304999999946
2787.1655
2680.6936000000014
2641.401200000004
2684.6787000000004
2787.884999999997
2520.967500000004
2755.2241000000035
2749.419200000002
2569.860499999995
2735.6468000000013
2851.903100000001
2716.968899999999
2756.024900000001
2649.3204000000023
2645.4070000000015
2541.973599999999
2667.688199999999
2739.754200000005
2709.7440999999967
2603.428899999997
2691.2405
2726.9597000000017
2749.7979000000023
2791.7644000000023
2800.606999999998
2747.721600000001
2836.6269999999977
2678.717799999994
2838.298400000001
2668.942200000002
