2455.2509999999984
2589.288299999996
2353.7343999999994
2325.8212000000003
2071.7707999999993
2426.727200000003
2538.9601000000025
782.8480000000003
2606.4306000000006
2384.766099999998
2537.581599999998
2555.2669
2330.537400000003
2109.426400000001
2348.189899999998
2821.617999999998
2307.627599999997
2489.887200000004
2586.0809000000013
2641.3260999999984
2532.089599999999
2507.1439000000023
2675.2199999999993
2539.312900000001
2589.2514000000037
2647.681500000001
2937.1823000000004
2835.535800000002
2781.4393000000014
2856.412499999998
2727.1564000000003
2660.107300000004
2569.413000000001
2774.4437999999996
2364.6727000000024
2287.712800000001
2311.843900000001
2349.0891999999976
2217.8513000000003
2229.525600000001
2417.643300000001
2429.971399999995
2107.1114000000007
2481.1195000000002
2583.6272000000017
2673.0240999999974
2026.5664000000004
2329.0032000000006
2486.3116000000005
2604.6724999999974
2456.314900000004
2812.014300000001
2513.304499999997
2425.8612000000003
2463.6019
1984.9892000000018
2742.034600000003
2435.0085000000026
2415.1607000000017
257.2208000000001
2617.118499999998
1935.4567999999995
2279.1679
2133.8539999999985
523.7899000000001
2552.4889999999987
2541.676200000002
2018.9788999999987
2145.7159999999985
2195.8000000000015
2293.0283999999992
2329.587299999999
2681.7989999999986
2653.647199999996
2690.8586000000028
2620.6383000000005
2629.847199999999
2747.0979000000007
2720.8068999999996
2825.606099999997
2543.993799999994
2782.194400000001
1901.0268999999996
2102.5582999999997
2274.0276
2792.5699999999997
2693.1829
2619.4206999999997
2656.790200000001
2640.6770000000006
2585.4956999999995
2573.1935000000026
2611.159000000002
2554.795099999998
2599.786399999996
2596.240499999999
2618.9952999999964
2649.3645999999985
2806.755600000003
2306.1045000000036
278.0627999999999
297.76950000000005
296.9193000000001
296.1305
336.9758
350.79790000000025
3026.4212000000007
3016.075599999996
2405.7387999999987
330.53470000000004
1966.754199999999
2558.042000000004
2299.615500000001
3017.5117000000037
2967.578900000003
2923.442100000001
2972.011599999996
2762.1226000000006
2866.782199999998
2746.5796999999993
2058.2524999999982
2509.610399999999
2832.2622000000024
2434.0687
2717.249999999998
3215.9522000000006
3169.4337999999993
3137.920199999998
2977.0129999999976
3145.732499999999
3027.9515000000006
3234.2101000000002
3127.963099999998
3242.2623000000026
3060.1569999999983
2968.940000000004
3001.571500000003
2988.6202000000044
2847.1207000000036
2866.3968999999943
2564.7895
2456.560600000002
2414.021400000005
2464.178500000001
2400.8931000000034
2417.836800000002
2269.1611
2219.604100000001
2147.2775999999994
2327.8182999999985
2316.1112000000003
2061.9769
2180.8410999999987
2184.8508000000024
2556.4114000000036
2769.1408000000038
3184.0433000000003
2977.5440000000012
2928.403000000001
3115.3034000000025
2557.227499999999
2850.3587999999986
3289.577199999995
3457.0278999999996
3372.0795000000003
3116.1125999999954
3025.505700000003
3123.3802999999994
3139.9479999999985
3052.6841000000068
3145.515700000001
3257.1102000000014
2732.946999999999
2736.829700000004
2819.6799000000005
2921.8029999999962
2567.9355
2794.905800000002
2508.4991
2780.020600000002
2549.4223999999986
2740.9076999999975
2487.1729999999948
2184.7110999999995
3038.9716999999996
2563.4075000000034
2799.9731999999985
3039.1963999999916
2848.7142999999987
2735.9877000000015
2489.968099999996
2801.3548000000037
2228.4178000000006
2522.479600000001
2609.0597000000034
2239.234700000002
2291.010699999998
2336.2037000000005
2605.7393000000034
2253.1350999999995
2385.688000000002
2843.767099999998
265.6527000000001
282.8194000000002
2981.2613999999994
3014.2323
3073.9737000000036
3021.4171999999944
2780.1043000000004
3351.827799999999
3017.178999999998
3648.6605000000027
2928.9674999999984
3284.727700000004
3214.2167000000018
3057.361500000002
3080.5202999999997
2749.568100000001
2885.631800000002
2954.3750000000014
3029.9082000000044
3305.561899999997
3014.853999999999
2873.0951000000036
2898.5288
2827.2758999999983
2571.8837000000008
2504.9063999999994
2341.9367
2285.5798999999965
2147.0159000000012
1857.9169000000002
2215.5571999999997
2259.2813999999994
2181.7166
496.43609999999984
906.9493000000003
2379.7487000000006
2888.462999999998
3014.5590999999954
3066.3949999999995
2747.159499999998
2758.128399999998
2502.864700000001
2684.8148000000024
2417.1819000000037
2513.783799999996
2464.8555999999976
2445.5327000000016
2465.608699999996
2577.2841000000008
2439.3843999999995
2527.082100000002
2738.331800000001
2629.0006000000044
2613.285200000001
2625.1879999999965
2936.794799999997
3096.0291000000007
2682.2757999999944
2693.179899999999
2814.7919000000006
2756.534099999993
2946.6008999999995
2992.974100000003
2629.6765999999984
2857.679400000002
2904.8131000000008
2909.8124999999977
3011.9965000000047
3293.8960000000006
1701.0851
3090.3304999999964
2726.4029000000014
718.6886999999988
504.71270000000004
110.96619999999997
2257.6238000000003
2416.1985000000004
2700.935699999998
1708.9270999999994
2469.7607000000003
3233.071399999999
627.7796999999998
1540.7397000000005
2833.284699999998
2765.000099999995
2655.395899999999
2262.7538999999997
2993.8231000000037
3294.278000000006
3227.486299999994
2929.6601000000005
2956.4653000000053
2973.6594999999984
3218.0112
3026.507999999998
3226.3119999999963
3088.7913000000044
3249.8005000000035
3301.5372000000025
3237.180700000003
2860.8028999999997
2819.5185999999962
3461.7306000000012
2870.494600000003
2847.865599999997
2762.095399999998
2926.9517000000033
2785.2239
2698.181599999998
2827.489600000003
2945.9355000000014
3346.227199999999
3190.9419999999986
2950.7438999999995
2761.1670999999997
2693.2758999999996
2773.6982000000007
2763.1870999999996
2753.948300000001
2755.868000000003
517.5813999999997
2876.756399999997
3173.194099999999
3304.768699999995
3107.4316000000017
3231.380600000005
2766.477700000001
3119.500700000001
3101.528300000003
2882.5313000000015
1170.451099999999
2857.622100000003
3124.7531999999965
2815.5351
2701.471299999997
2622.4431000000013
2633.5831000000017
2887.8871
2666.650599999998
2829.9826000000003
2708.287800000003
2598.434500000002
2509.552999999998
2883.711300000003
2709.0215000000003
2851.0161999999996
3334.2934999999993
3077.6891999999957
2574.255399999996
2535.4228999999978
2484.7952999999993
2467.9075000000034
3014.5112999999997
2496.4162000000047
2373.3035000000013
2115.061999999999
2100.1657999999957
2019.9073000000005
1986.2565000000009
2104.9612
2034.5526999999981
2065.2661999999987
2125.2092
2072.3873000000026
2062.133300000001
2065.4436000000005
2069.1298000000024
2004.842299999999
2083.287899999998
2109.7016999999983
2066.8031999999985
2335.5195000000035
2046.3899999999962
2172.034599999999
2905.4623000000024
2935.840299999999
2881.2460000000024
2949.9528999999957
2941.749900000001
2926.9725
2928.355600000003
3090.840200000005
3029.8842999999915
3115.190399999998
3443.7243999999982
3568.8295999999964
3567.1416000000045
3578.747200000002
3252.0343000000044
3102.829499999999
3428.3454999999954
3350.752500000001
3724.178699999997
3620.2751999999987
3596.2982999999967
3665.8695000000016
3784.126000000003
3777.141599999998
3475.3441000000043
3647.1871
3472.1394000000005
3651.3263000000024
3359.391899999998
3272.6170999999977
2994.3154000000022
3669.5938999999958
3692.3791000000006
3548.2340999999965
3150.408999999996
2794.904699999999
3252.2297000000017
3107.4848000000015
2916.4012999999973
3059.8103000000006
3285.2314999999962
3126.5968000000016
3397.518900000002
3445.7421999999965
3727.970299999998
3575.6810999999975
3436.0955999999983
3433.3785000000016
3180.8989000000015
3471.8111999999987
3571.308000000002
3487.3427999999967
3517.744899999999
3436.5131
3516.1278999999977
3415.9063999999944
3655.7906
3498.6602000000007
3619.0219000000034
3422.7694999999985
3547.091299999998
3383.8487000000023
3529.915800000001
3572.4908
3625.535400000001
3194.460100000004
3176.5290000000036
3563.2284000000045
3688.312599999996
3490.1453000000024
3452.8725999999983
3178.9669999999987
3413.853500000003
3571.094199999996
3429.2794000000013
3234.571099999999
3285.037000000001
3600.0603000000037
3568.0913000000023
3650.7545999999948
3620.079199999996
3592.4936000000016
3776.518400000004
3624.650799999998
3758.749800000004
3482.315100000003
3558.2700999999997
3779.727199999997
3758.2976999999983
3733.473999999998
3764.991200000001
3737.4055000000008
3765.1640999999972
3735.1411000000026
3821.7169000000004
3648.0863000000013
3756.982700000001
3800.1749999999993
3792.164600000001
3626.545300000008
3805.8064000000013
3752.1633000000006
3649.3468999999945
3657.4531000000006
3677.0297000000023
3729.312700000003
3654.1982
3688.179500000003
3624.860399999998
3680.5861000000023
3747.1396999999965
3458.2711000000027
3586.5955999999937
3816.432299999994
3714.2087999999994
3681.6969000000036
3735.1303000000053
3440.317600000002
3551.7464000000045
3691.8070000000025
3612.365
3628.9417999999982
3744.697199999998
3764.1982000000003
