1161.4885999999985
1108.0652999999998
1176.541199999999
1106.7034
1172.5369999999984
1070.3461
1168.2954999999995
1119.8896000000007
1087.2246000000007
1203.0319999999995
1097.2666999999994
1199.7504000000001
1113.9567000000002
1069.9779999999996
1108.5434000000016
1141.6383999999985
1184.5482
1240.7397
1168.3341000000003
1153.6981000000005
1137.2295999999992
1136.9883000000002
1174.6709000000005
1047.789699999999
1093.8339
1367.4593999999995
1352.8586000000003
1317.9464000000007
1341.3422000000007
1336.4196000000004
1327.850500000001
1345.1428
1347.2859000000005
1351.0516000000007
1350.3074000000008
1310.053600000001
1301.792000000001
1305.9527000000003
1308.8215000000012
1305.8195000000003
1310.3995999999997
1269.5337999999995
1270.9527999999998
1264.3926
1305.033499999999
1283.0946999999994
247.69979999999998
321.33319999999975
373.7707999999999
1056.5763000000006
1034.832099999999
1039.0799999999992
1017.2536000000001
1042.990800000001
1026.7981000000004
1025.3154000000004
1034.9884000000002
1043.5738000000001
1036.812099999999
1025.6576999999993
1032.1759000000002
1041.2971
1030.2984999999994
1022.7882
1039.0193000000013
1030.4189000000001
1039.7432999999996
1029.665899999999
1032.8990000000003
1048.1026
1037.1954000000007
1025.2640999999996
1031.3044999999997
1039.3932000000002
1052.9741000000001
1045.4781999999998
1018.0974000000011
1029.1063999999994
1025.4832000000001
1020.7139000000002
1029.5765000000001
1022.809200000001
1041.6096000000011
1042.3741999999997
1024.5301999999997
1066.6707999999992
999.6600000000002
1113.4067999999997
1268.326100000001
1233.2583
1066.6972000000005
324.7575999999999
352.80569999999994
337.9207999999999
908.3032000000005
327.17719999999997
965.3410999999987
537.5762000000003
282.7164
305.2938
293.9572999999999
309.6821999999998
307.1577000000001
303.28169999999994
341.0869999999999
318.00429999999994
339.3298999999999
1036.8591000000004
1327.7484000000004
1367.0000999999995
1475.923600000001
1169.0384999999999
1303.8081999999993
1287.3987999999997
1174.4186999999995
1301.7897
1257.0558
1325.104899999999
1257.887899999999
1258.9285000000004
1268.9672
1305.0076999999999
1267.0743000000002
1268.6204000000005
1316.4843999999998
1304.8154000000006
1276.7906000000003
1282.5396000000003
1324.5534000000005
1323.3048999999999
1292.699699999999
1400.3944
1443.559699999999
1296.8376
1232.1672999999994
1361.5499
1294.8445999999997
1240.3241999999996
1276.3173999999997
1239.7823999999996
1266.5124000000012
1371.7529999999997
1262.2447000000006
1390.5559999999987
1315.556400000001
1439.7341999999999
1485.844800000001
1434.8447
1476.6192
1476.818000000001
1491.597200000001
1464.5413999999998
1428.726600000002
1472.6326000000001
1455.8318999999997
1438.9607999999996
1488.5242999999987
1441.474899999999
1486.4597999999994
1476.4638000000011
1479.5409000000002
1475.1196
1416.154000000001
1406.3145000000006
1450.756800000002
1429.1345999999999
1463.072699999999
1446.6362999999994
1451.6450000000002
1353.0554000000009
1483.938800000001
1405.9581
1424.3452000000016
1235.5656999999994
1251.1237999999998
1277.8202000000006
1434.8994
1435.949699999999
1415.7216000000012
1435.7866999999983
1377.724
1429.2216000000003
1420.6499999999996
1399.5237999999986
1382.9415999999987
1395.4706999999994
1387.0757999999994
1268.9287000000002
1263.1495999999997
1261.398
1387.5794999999987
1300.102899999999
1351.5049999999992
1197.7701000000009
1231.2112
1292.453500000001
1352.0000000000007
1408.4467000000002
1393.8705000000016
1440.4461999999996
1381.0855999999999
1476.1282000000003
1435.2167000000013
1054.8949999999998
887.5328000000004
889.1881999999998
960.0275
982.4744999999995
1002.3254999999999
1088.1039999999998
1021.801900000001
1037.5002999999997
1007.1605999999998
1032.1325999999992
1036.6577000000007
1107.8954999999996
1403.2325999999996
1361.6743999999992
1427.7346999999988
1430.5973999999999
1374.082300000001
1428.5210000000006
1395.9499000000012
1442.6788000000004
1436.8565999999994
1388.1935999999996
1375.2391000000007
1406.4269999999992
1386.6262
1384.8070999999986
1335.7214
1378.0604000000008
1359.4497999999994
1321.0752000000005
1281.3309000000002
1383.303099999999
1375.8230999999998
1351.5111
1286.5975999999996
1320.0192000000004
1277.8541000000005
1272.6362000000001
1347.2931000000003
1249.0267999999999
1415.3888999999992
1392.1943999999985
1287.4776000000002
1385.0197000000014
1364.1746000000003
1373.2105999999992
1275.0887000000002
1331.2612000000001
1261.1012999999994
1346.2795999999994
1371.4938999999997
1414.4745999999998
1255.692699999999
1257.7246999999993
1265.578400000001
1244.3949000000016
1365.9823999999985
1355.9812
1362.0613
1428.2952999999986
1337.4899999999986
1297.0587
1204.8757999999996
1161.4071999999994
1205.2728999999997
1040.1998000000008
1076.8645999999999
1010.1173999999993
1139.0677000000003
1079.4062999999992
1061.1671999999992
1178.3928
1146.7786999999994
1114.166999999999
1271.3243
1146.908699999999
1162.1669
1227.2508999999989
1245.6779000000004
1145.6191999999996
1254.5452000000007
1244.4966
1243.4294999999993
1333.9853000000003
1199.2493999999997
1331.443400000001
1442.0057999999995
1155.3789999999995
1239.4556000000002
1042.0854999999997
1086.0038999999997
1089.2735999999995
1027.3808
1084.3215999999995
933.9498999999998
763.0706000000002
750.9992000000007
783.7608000000004
857.5802000000003
801.5839999999998
826.8310000000014
821.4282
872.9055999999996
911.0462000000006
876.9132
886.8155999999997
867.4403
858.914
808.8435000000002
940.1899999999995
946.9945999999998
916.9746999999996
1156.5874
1083.1403000000005
991.0758999999995
1120.3349000000012
1018.9681999999997
1011.7131999999995
1096.1950999999997
1105.5223999999994
1116.1384000000003
1138.8856999999998
1071.8683999999998
1106.7056000000005
1097.2224000000008
1087.2585000000001
1057.4578000000001
1037.9961
1057.3169999999998
1047.4878999999994
1055.6025999999988
1152.5606
1152.7142999999999
1070.5000000000005
1141.4388999999999
1109.3853999999992
1049.4949
1061.9243999999999
1057.7146000000002
1070.2943999999995
1163.6605999999997
1225.4219999999993
1083.5610999999997
1337.1446000000003
1241.173
1331.9792999999997
1225.703799999999
1196.1994
1181.5366000000001
1239.0839
1074.4141
1147.440699999999
1214.9394999999988
1204.5632000000003
1174.5567
1194.6292999999994
1205.6130000000014
1171.0376000000003
1143.0308999999995
1218.8818000000006
1186.7914999999998
1151.9583000000005
1166.4896999999999
1151.9691000000003
1133.6738000000007
1171.534
1164.9064000000003
1192.4963000000007
1074.5016
1256.6202000000005
1273.4463000000017
1320.0802000000012
1038.4692000000005
1251.6763
1004.9059999999997
1171.1373
1231.2046000000007
1170.9824999999998
1301.5636999999992
1230.3328999999994
1357.0579999999998
1290.3481000000002
1284.4422
1287.946800000001
1296.3309
1399.8581000000004
1391.7203000000015
1226.8299000000004
1367.0169000000008
1362.4332000000015
1422.6561000000004
1416.5846999999999
1334.946099999999
1375.6021999999996
1231.938299999999
1292.0555999999995
1271.5213
1298.2352
1234.4294999999995
1244.1313000000005
1345.9873000000007
1317.7646999999995
1284.8869000000004
1282.7326000000003
1267.3587999999995
1225.9343999999996
1226.3979000000004
1247.3519000000001
1192.7890000000004
1169.9222000000009
1191.473000000001
1127.7645000000005
1116.0213000000003
1085.9162999999999
1354.4301000000005
1363.185699999999
1123.9235999999996
1170.9546999999995
1066.592100000001
1364.9652000000003
1378.3086999999996
1455.4940000000008
1363.4798
1297.6568000000013
1522.104899999999
1506.4740000000015
1219.6334000000004
1179.9698
1241.1697000000013
1319.9434999999996
1312.1267999999986
1200.1609
1376.0512999999996
1339.3967000000002
1369.9396000000002
1357.0353000000002
1389.1137999999996
1363.8608000000015
1379.0268999999996
1527.0946999999999
1385.3079
1224.8943
1471.9591999999989
1262.356400000001
1164.7165999999986
1134.0889000000004
1085.4684999999995
1105.4246000000007
1137.1327000000003
1096.6482000000003
1056.1456999999996
1156.3568000000005
1124.5055000000002
1157.0494999999994
1202.7903999999985
1145.1310999999994
1166.864899999999
1151.2772000000002
1176.7713000000003
1135.520000000001
1181.7603999999997
1243.7874000000006
1224.1575000000005
1275.7939000000017
1301.644300000001
1290.5686000000005
1274.9670999999994
1262.7553
1255.5756999999994
1260.6085999999998
1298.2167999999995
1273.513999999999
1269.8393999999985
1271.1183999999998
1283.920899999999
1277.6294999999996
1303.0084000000002
1235.8431999999998
1252.5934999999995
1249.2604
1239.0114
1230.0584000000001
1287.2479000000008
1236.601300000001
1250.178599999999
1277.0955999999987
1231.7344999999991
1251.2816000000005
1275.8147999999997
1239.536600000001
1287.1288999999992
1217.1402999999993
1245.756600000001
1260.798200000001
1273.4508999999998
1265.1123000000005
1221.112800000001
1285.0243999999993
1180.6185999999996
1111.2471999999998
1144.7453999999996
1174.445999999999
1096.5872000000002
1173.123800000001
1135.3229999999994
1180.6685999999986
1196.9421999999993
1179.778100000001
1168.2949
1164.1125000000006
1141.8001
1019.0360000000002
1236.1403999999995
1240.164
1191.3114000000012
1162.6087000000005
1208.6883000000014
1076.0459000000005
1056.9766999999997
1075.8173
1061.9091000000003
1112.0100999999995
1186.4793000000004
1129.9742
1199.8045999999997
1502.9667000000009
1503.5852000000011
1480.9653999999991
1465.608400000001
1468.5329999999997
1471.043400000001
1462.4503000000002
1338.0821999999994
1459.5139
1467.085200000003
1466.0651000000003
1437.9885000000002
1473.2111999999997
1450.5484000000008
1446.7391999999995
1452.8591000000026
1444.9284999999986
1367.0949999999998
1457.5846000000008
1285.8254
1471.8154000000009
1435.585400000001
1429.8308000000018
1361.2250999999997
1468.8407000000013
1489.0773999999997
1339.516800000001
1435.6389999999997
1330.3859999999995
1285.0220000000008
1379.9135999999992
1427.8603999999993
1291.1035
1286.2264000000005
1245.5362000000007
1465.4264999999994
1269.072000000002
1314.2265000000007
1245.1775999999995
1297.4216999999999
1229.1718
1454.0927000000001
1371.568500000001
1464.1884000000005
1407.9679000000008
1405.4765999999986
1338.4547999999998
1324.8457000000012
1468.9289000000006
1465.6512999999998
1453.8528000000001
1489.0527000000013
1441.3829999999998
1486.629200000001
1459.8562999999983
1460.041900000002
1471.1800000000005
1400.3015999999986
1449.9209000000008
1412.6604000000013
1391.252899999999
1426.4936999999993
1367.0806000000002
1465.8702999999998
1451.6332999999997
1410.8546000000006
1441.9931000000013
1435.4501000000007
1462.8661999999993
1410.9060000000009
1488.422999999999
1209.8051
1456.6396999999997
1271.2003000000002
1091.665899999999
1125.2360000000003
1155.1600999999998
1302.8757999999998
1183.4727000000005
1148.1569999999986
1141.848600000001
1200.8504000000005
1025.8402999999996
1146.4194000000007
1167.0390000000007
1225.7682999999993
1352.0419
1212.5206000000003
1216.3873
1174.6724000000004
1267.2912000000003
1166.8360000000007
1218.859600000001
1274.0455000000009
1267.4834000000012
1198.7581999999984
1209.8504000000016
1238.4491000000012
1180.7196999999992
1226.3593999999998
1198.8515000000011
1248.796700000001
1073.5080999999996
1358.2741000000012
1285.9805
1222.1933000000004
1155.752
