----------------------------------------------------------------
2933.144800000002
2942.073899999997
2941.335500000001
2941.6882000000014
2941.9947999999977
2948.6832000000004
2948.1425000000017
2949.071299999999
2948.037699999997
2947.3659999999995
2949.439199999997
2946.6336999999958
2946.515300000001
2947.852799999996
2948.1137000000003
2952.764500000003
2951.731100000007
2952.659600000002
2952.3184999999985
2952.099299999997
2956.125599999999
2956.4355000000005
2956.868199999994
2958.7259999999983
2957.9852
2956.607100000002
2957.7153999999996
2957.569300000003
2957.7176999999997
2959.6938999999975
2957.5792000000033
2957.995399999999
2959.599899999996
2959.590200000003
2958.1005
2956.9769000000024
2958.0365000000006
2956.9850999999985
2957.6291000000024
2956.7043999999983
2957.0481999999975
2957.971399999995
2960.172500000002
2957.9413000000072
2956.0035
2957.6920000000014
2957.190699999997
2956.0606999999995
2957.1744000000044
2957.381199999998
2956.157600000002
2956.1839000000027
2957.184700000005
2957.967099999994
2957.851999999997
2957.974399999999
2957.9941
2957.823499999999
2958.319200000001
2957.0314000000017
