3284.462899999993
3284.6762999999964
3284.4570000000026
3284.848800000002
3283.950799999998
3273.1944
3270.290399999999
3272.656300000001
3272.8609000000015
3271.6967999999997
3265.3494999999994
3266.1285999999986
3267.1207000000045
3266.0877999999952
3264.962700000006
3265.2591000000007
3265.6454999999987
3264.7743000000014
3265.7566999999976
3266.083399999999
3261.5954000000033
3262.0982999999965
3262.704000000003
3262.771800000002
3260.256100000003
3254.8639000000007
3254.2244999999957
3255.151500000003
3254.540100000004
3255.901600000002
3248.3327000000045
3247.113200000004
3248.849400000002
3247.9535999999944
3248.860999999998
3239.636800000004
3241.130999999998
3241.8437999999974
3241.2859999999996
3242.785400000003
3241.0831000000035
3238.7745
3239.8880000000017
3240.535800000001
3239.326500000001
3238.7072999999987
3238.707200000001
3237.295300000006
3239.5376000000033
3238.8439999999964
3240.4649000000045
3240.2571999999973
3241.1438000000016
3239.9945999999995
3239.0943999999968
3246.8224000000014
3246.019000000002
3246.522599999997
3248.671999999996
3244.800599999999
3254.4010000000007
3252.0935
3251.257
3253.5069999999996
3252.0469000000003
3256.073100000001
3255.2417000000055
3257.270699999998
3256.9677000000056
3255.4702000000007
3263.2766000000006
3260.6621999999975
3263.293800000003
3262.1205999999993
3260.0773999999974
3266.997799999994
3266.3991999999994
3267.6279999999974
3268.256900000003
3267.097999999998
3273.2241000000013
3271.886799999997
3272.2043000000044
3272.8160000000025
3272.3152000000055
3275.874999999999
3276.105600000002
3276.6951999999974
3277.108800000003
3276.2141000000006
3283.7073999999952
3284.4300999999987
3283.9573000000037
3285.8882
3285.192
3287.481300000005
3289.441400000003
3289.277500000002
3289.444499999995
3288.583000000003
3291.6989000000026
3288.8849000000014
3289.032100000001
3289.887799999995
3287.117399999999
3289.7614999999983
3291.510400000005
3291.3282000000036
3289.9913999999976
3291.0214999999976
3300.2247999999977
3299.6741000000025
3296.5999999999985
3297.799899999995
3297.1945000000005
3304.048299999998
3305.757300000003
3301.8040000000015
3303.5141000000003
3304.9148999999998
3308.4831999999974
3308.3775999999993
3308.4076000000005
3309.0497
3309.0665999999937
3316.2183999999993
3315.377300000004
3312.4734999999982
3316.5795999999987
3315.7751999999973
3319.219099999996
3317.9178000000015
3317.6667999999986
3319.5732000000007
3317.4427999999975
3328.7202999999986
3326.507300000004
3330.0452000000014
3327.3717999999963
3333.575199999996
3340.9126000000024
3337.192300000001
3340.515900000003
3344.3573000000056
3337.6576
3346.1027000000013
3344.1131000000046
3345.1105
3348.0483000000004
3345.027200000002
3349.3431999999984
3350.4911000000016
3350.272699999999
3349.610300000003
3350.556800000005
3355.9650000000024
3355.323299999995
3355.5461000000028
3360.3461000000025
3356.692100000003
3362.7249999999985
3362.818399999999
3362.768500000004
3362.8557
3361.164099999999
3366.453199999999
3366.0394999999994
3367.4248999999986
3366.596300000004
3369.4887000000017
3373.4729999999995
3371.337
3373.0164
3373.8712999999975
3373.3362999999954
3375.775499999999
3378.0350000000026
3376.614300000007
3381.2655999999956
3379.499699999994
3385.742799999999
3383.947699999998
3385.0346
3381.4630999999968
3379.4548000000013
3390.8468999999973
3386.3399999999997
3391.107899999995
3391.381699999998
3388.248499999999
3392.1873
3392.2050000000063
3392.467100000003
3392.2288000000067
3392.1689999999994
3394.286000000005
3395.3995999999997
3394.6092000000012
3393.595200000003
3393.4303999999956
3397.427399999996
3395.912100000001
3397.0941000000025
3395.6984999999972
3398.1548000000043
3398.816299999997
3397.5799999999977
3395.940299999994
3397.8573999999967
3397.448000000004
3398.5954000000015
3398.8722999999995
3396.7671999999984
3399.342300000001
3398.0494999999987
3400.005900000001
3398.6360999999984
3399.931600000004
3399.957199999999
3401.100600000001
3400.8488999999986
3400.850599999999
3401.1273000000033
3400.647799999999
3401.763800000003
3401.024000000001
3399.7005999999988
3401.8954
3400.3570000000013
3401.044200000005
3400.0454999999956
3399.929400000006
3402.3396999999954
3402.4938999999995
3401.1554000000024
3400.907900000006
3400.3530000000037
3399.5699
3401.055999999997
3400.8398999999968
3399.041100000004
3398.6559000000007
3400.5751000000027
3400.408300000001
3399.3192999999947
3399.0210000000006
3398.9684000000025
3398.692800000004
3399.2393999999977
3399.562800000003
3398.8530000000014
3399.1592
3399.496199999994
3399.7657
3399.5289000000002
3397.6280999999944
3398.8710999999967
3397.233899999997
3398.6943999999976
3397.108599999998
3397.7333999999996
3397.7508000000016
3397.1139999999996
3397.840600000004
3398.5371000000023
3396.4088000000042
3398.418699999998
3396.7883
3397.134599999997
3397.480800000002
3397.5046999999986
3397.526499999997
3397.5227999999984
3398.475399999998
3397.0332999999996
3397.652600000005
3397.985100000001
3397.9361
3397.234999999997
3397.1898
3397.031800000001
3396.808099999996
3396.3036999999995
3397.896800000001
3397.313000000001
3398.594100000003
3397.285900000004
3397.2897000000034
3398.454699999999
3397.006100000003
3397.400699999996
3397.216900000001
3396.403500000001
3397.2389000000003
3397.659299999998
3399.774000000006
3396.4807999999994
3397.8550999999993
3396.5035999999977
3396.856499999997
3396.456
3397.6532000000034
3396.653600000001
3398.911800000004
3397.567299999997
3398.925099999997
3398.6820999999995
3399.1501000000007
3399.732600000001
3398.587300000004
3399.793499999999
3400.251000000003
3399.2432999999987
3397.5548000000013
3398.5093999999995
3398.3739
3397.840599999998
3398.9772999999986
3399.041100000001
3398.8936999999996
3398.1148000000007
3396.7600000000007
3397.3286
3397.2578999999987
3395.5056
3397.3377
3398.0141000000012
3396.5280999999977
3395.094900000007
3397.4398000000015
3392.230700000002
3395.2363999999993
3397.5545999999986
3393.6043999999983
3393.6566999999986
3394.6680000000015
3394.998400000002
3392.9622000000027
3391.214999999999
3391.669299999998
3394.0595999999978
3390.9250000000015
3393.5460000000026
3390.397899999997
3393.412200000003
3389.381199999999
3388.3365999999987
3396.1216000000004
3394.2131
3394.0047000000027
3395.153800000003
3394.462299999999
3387.072100000002
3393.4019000000008
3395.1067999999987
3393.1335999999974
3391.8070999999973
3391.924400000001
3386.9168999999997
3388.1964999999964
3392.1682000000064
3391.8234999999972
3391.9266000000025
3390.0821999999985
3389.4548
3392.1386
3393.0852000000027
3388.178599999999
3392.4709999999995
3390.9787000000015
3390.3986999999993
3387.611800000001
3387.929099999999
3389.790799999998
3389.7528000000007
3387.4623000000083
3386.5529999999985
3389.0664
3391.635200000004
3389.4062000000044
3389.1249000000025
3389.3700999999937
3390.169000000002
3389.340100000004
3387.512799999998
3385.6530999999977
3385.6589000000017
3386.9235000000035
3385.440500000006
3390.4308999999967
3385.9167999999977
3386.0386000000003
3386.5421999999985
3387.6596999999942
3387.6986999999967
3385.3803000000003
3384.0598999999984
3387.318799999999
3385.2420000000006
3388.1137999999996
3387.0417999999972
3384.694
3384.4996000000024
3387.774599999997
3385.0324000000023
3385.794299999999
3387.8272000000075
3388.715800000002
3385.074199999999
3388.946100000001
3388.4662999999987
3385.0819999999976
3385.7896999999994
3386.292799999999
3383.893299999999
3385.5952999999977
3385.650200000001
3385.2311
3387.343300000001
3388.225399999997
3388.096000000002
3388.331999999999
3385.7603
3386.405700000003
3389.1209000000013
3386.283699999998
3385.9882000000002
3387.0044000000003
3386.094300000002
3389.6860000000024
3386.4788999999987
3387.3531000000007
3388.1655000000005
3386.4737000000027
3389.3453000000013
3389.296899999996
3390.4619000000002
3389.1152
3389.2754000000014
3388.4966000000036
3388.512800000001
3387.970200000009
3389.708000000003
3388.302799999998
3388.281599999999
3388.054900000002
3388.957199999999
3386.943200000001
3387.727699999998
3388.444600000001
3388.4597
3388.8480999999965
3390.590099999999
3387.982800000004
3388.1360000000045
3391.4413999999992
3389.6725000000024
3390.1640999999986
3390.109600000005
3389.4972999999977
3391.2647000000015
3390.4045000000006
3391.825599999997
3391.1276999999986
3391.8548000000014
3395.6514999999968
3394.243799999995
3394.352300000002
3394.220099999997
3394.478499999998
3395.303900000003
3396.1242999999963
3396.1694000000034
3395.6996000000036
3396.2448000000004
3399.326600000002
3397.8213999999994
3397.4009999999976
3397.5126999999948
3398.4349000000057
3398.1906999999965
3399.0280000000052
3399.7672999999986
3398.1084999999953
3397.8164000000056
3398.5398999999948
3398.7391999999986
3399.547000000001
3399.3654
3399.347600000001
3398.310999999998
3399.4388999999987
3398.4397999999987
3399.431999999999
3398.206099999994
3400.612999999995
3401.5363999999927
3401.6732000000025
3400.9569999999994
3401.3663000000042
3399.5929999999976
3401.2054
3401.5462999999995
3401.1959999999985
3401.4273000000007
3404.5554000000016
3404.050500000007
3402.693200000003
3403.0028999999977
3404.4187000000006
3403.780300000002
3405.075400000002
3402.2211999999977
3402.737799999993
3404.575500000005
3403.9350000000013
3403.5562000000036
3404.7198999999982
3404.2704000000026
3403.901200000002
3405.8570999999984
3405.8148000000033
3405.6948999999977
3403.033999999999
3403.4800999999984
3405.014199999999
3404.7222999999994
3404.7096999999994
3404.9187999999995
3403.622000000001
3406.210800000001
3405.2732999999985
3404.2041999999956
3407.120399999999
3404.279900000002
3407.3513000000016
3407.163699999996
3407.2411
3405.3244999999974
3407.784800000001
3409.376700000002
3408.449999999998
3406.9351000000042
3406.7137000000007
3405.0629999999996
3410.4723999999974
3410.4411999999943
3408.5982000000004
3410.4518000000007
3406.4139000000023
3411.111900000001
3409.716099999997
3410.3755999999958
3410.9663999999934
3410.891599999996
3410.064699999999
3410.598799999997
3410.8887000000027
3411.0826999999954
3409.300700000002
3411.4028999999946
3409.9583999999963
3410.6884
3413.077000000002
3410.9702000000016
3412.2687000000005
3411.385700000002
3409.4973
3411.917700000002
3413.156099999996
3412.9694999999983
3413.1394999999993
3413.025899999996
3411.5189999999952
3413.383099999998
3413.3941000000004
3411.995799999999
3413.329499999999
3413.9309999999987
3413.0525999999986
3416.905800000006
3414.1842
3414.3723
3413.3205000000007
3417.854599999997
3418.8652000000047
3417.929300000001
3416.642800000001
3418.2633
3416.6342999999983
3418.5195999999964
3418.8492
3417.085099999998
3417.4199000000044
3419.0218999999997
3418.0965
3417.0824999999954
3415.525199999998
3419.1718999999985
3419.061500000002
3415.998000000005
3417.7360000000012
3418.706599999999
3415.581800000001
3418.923400000003
3415.688299999999
3418.642899999995
3416.593399999994
3418.716100000004
3414.3610999999974
3419.0758000000023
3419.734599999998
3415.5975000000003
3419.0637000000047
3418.6393
3416.4731000000015
3415.1631000000048
3415.0296000000026
3414.2275999999956
3414.2511999999965
3415.6870999999965
3414.5533000000014
3414.8444000000027
3413.4952999999996
3414.655199999997
3410.723499999999
3414.8528999999994
3414.6323999999995
3410.4229
3412.7224999999985
3412.024700000002
3410.055100000002
3410.798299999995
3411.7171999999982
3414.6494000000052
3411.6367999999975
3408.8622
3414.286700000003
3411.7504999999983
3413.410099999999
3413.6297000000054
3412.9216999999962
3412.396400000002
3411.0145999999986
3411.429899999997
3411.2250999999997
3409.920400000001
3411.134900000002
3410.343399999998
3412.3293000000003
3408.6396999999965
3410.4082999999987
3410.6050000000014
3409.9744000000005
3410.5600000000004
3408.3443999999945
3410.086100000003
3408.362800000001
3408.3023999999978
3411.4361000000017
3407.485299999997
3405.974699999998
3407.877300000003
3409.1831000000034
3407.5407000000023
3404.629700000005
3405.445000000001
3405.865999999997
3408.250200000002
3405.764700000001
3403.985500000001
3407.7370000000033
3403.6957000000007
3403.0232999999953
3404.0287000000044
3400.0519999999956
3401.5546999999997
3402.356400000008
3401.2272999999986
3399.7019999999984
3400.1491000000037
3399.6917000000053
3399.4510999999993
3400.025500000001
3399.6095000000023
3399.610400000004
3398.969299999998
3398.591599999998
3398.339200000003
3399.3697000000057
3397.208099999999
3398.140300000001
3396.259800000003
3396.3529000000003
3397.342300000001
3394.687700000002
3395.416300000003
3396.9419000000003
3396.7494000000047
3397.0861000000023
3395.3297000000002
3395.1945999999994
3397.7113000000054
3392.7308999999996
3393.386599999996
3395.843399999995
3393.9483999999998
3393.1997000000024
3395.666899999997
3392.9609000000023
3397.056000000004
3392.718400000003
3395.2431999999962
3395.160099999999
3394.254300000002
3395.1001999999985
3397.630599999999
3397.700900000001
3397.299299999998
3398.100900000001
3395.7879000000066
3396.3317000000025
3396.6820000000043
3393.9859000000024
3397.9205000000015
3392.924499999997
3394.7322000000004
3394.436000000002
3393.702600000004
3394.2735000000007
3391.9107999999997
3392.9551000000033
3393.821199999994
3392.1108000000054
3393.103999999995
3389.800700000003
3392.5254000000023
3393.323500000001
3393.165500000001
3392.965699999999
3390.5166000000004
3390.6937999999986
3390.853699999994
3390.370399999997
3390.0494000000017
3390.478099999997
3391.760100000001
3390.1282999999985
3389.467
3390.664200000003
3391.6836000000008
3390.5096
3392.147500000003
3391.6305999999977
3389.621800000004
3391.781599999996
3390.8174000000013
3391.382900000001
3389.1542999999997
3390.9488000000033
3392.518999999998
3392.4326000000024
3392.8913000000007
3390.200200000001
3393.835300000007
3393.7373000000016
3393.8668000000007
3393.8449000000005
3392.128800000004
3393.072199999994
3395.655799999996
3395.214800000001
3395.3815999999997
3394.066599999997
3395.3448000000017
3394.8534999999974
3395.6589000000076
3394.792800000003
3395.5130999999997
3393.9598000000046
3394.5613000000003
3394.528200000002
3394.691600000005
3394.068500000001
3394.698499999999
3393.9790000000007
3394.3642000000073
3394.114799999995
3394.6364000000017
3394.575100000001
3393.6420000000007
3394.077100000002
3394.178500000003
3393.854099999994
3394.3142000000043
3393.979899999998
3394.590200000006
3395.771900000004
3393.3992999999996
3393.5016000000023
3394.709200000005
3394.8693000000026
3393.863799999999
3394.6188000000006
3395.2107000000015
3394.9373000000064
3395.269000000002
3395.768999999999
3395.3564000000006
3393.9779999999996
3394.519200000002
3394.1788000000006
3395.5469999999973
3395.421899999999
3395.208100000002
3395.2671999999966
3395.827300000002
3395.947600000006
3396.1189000000004
3396.293399999998
3395.421999999998
3396.0633000000025
3395.495600000001
3395.4768000000035
3395.0329999999976
3393.5398000000037
3392.9439000000016
3394.5454000000013
3393.9496
3395.4565
3395.0653
3394.8176
3394.2187000000013
3395.240599999999
3395.288400000001
3395.492000000003
3393.9003000000007
3395.461600000001
3394.0772000000043
3393.919100000002
3395.048400000002
3394.5574999999994
3394.8110000000024
3393.9017999999974
3396.150900000001
3393.330699999999
3396.132400000004
3395.755100000001
3395.3994000000016
3393.9007999999953
3395.3340000000017
3394.863599999997
3394.993099999996
3393.4997000000003
3395.0920999999985
3395.446200000004
3394.293999999996
3396.3903000000005
3395.344800000005
3395.3458000000037
3394.468799999993
3397.4608000000007
3395.648199999996
3395.6356999999985
3393.2235999999994
3394.027199999998
3394.2707000000005
3394.0007999999975
3396.0323000000017
3393.633299999999
3396.183400000004
3397.059
3396.5501000000004
3396.471700000001
3397.8237999999983
3399.4822999999997
3398.9640000000018
3398.728799999994
3400.4776999999985
3397.4474000000037
3402.432300000002
3401.268499999995
3403.892700000004
3403.1643000000017
3401.2398999999978
3403.9129999999977
3404.0788000000025
3403.3937
3404.7210999999998
3403.2153000000008
3405.705599999996
3407.2558999999997
3407.0127999999986
3406.1015000000016
3407.346200000004
3408.7179999999976
3409.1612000000005
3409.788499999996
3409.2931
3408.9586999999983
3413.107099999997
3413.581599999997
3413.125900000002
3412.509400000001
3413.6398999999956
3418.8378999999995
3416.226299999998
3416.787399999993
3416.575799999996
3416.128500000006
3422.438799999995
3421.686999999998
3425.212300000001
3420.273300000001
3422.465899999998
3431.3662000000018
3427.3860000000004
3427.8862000000026
3429.7575000000006
3429.2081000000003
3428.285700000003
3431.6920999999984
3429.7193
3431.8153999999995
3431.7574999999997
3434.650799999998
3432.487599999999
3432.400200000001
3434.7976
3434.957199999998
3434.202600000005
3436.4102
3437.316200000003
3436.3790999999947
3437.822300000003
3436.5457999999976
3438.2273999999993
3438.208899999997
3436.087299999998
3436.4643000000005
3437.6117999999947
3437.615099999995
3437.174000000006
3437.4028999999937
3438.315999999997
3439.2787000000003
3438.3400000000056
3441.3944999999944
3438.1198000000077
3439.143799999999
3441.1111999999953
3440.7376000000004
3442.522400000003
3442.3042999999993
3442.307300000003
3442.0998000000022
3443.0176000000024
3443.144400000006
3441.5068999999976
3442.1479999999992
3443.725799999999
3443.4898999999996
3444.3072999999977
3444.121899999996
3444.1390999999962
3444.6263999999965
3445.5828000000038
3444.3868999999986
3445.113199999997
3447.3880000000004
3445.874899999999
3445.5894000000008
3444.904699999997
3446.2479000000003
3444.6199999999994
3445.704000000004
3446.5506999999975
3446.1908999999987
3445.640100000003
3446.182300000002
3445.5185999999994
3445.9204999999943
3445.503099999997
3445.4596000000015
3445.1857999999957
3445.344799999996
3445.0638000000004
3445.9357999999997
3446.254999999995
3446.3151999999995
3445.1968999999995
3445.967599999994
3444.502299999996
3445.3558
3445.529999999998
3444.9816000000023
3444.3417
3444.4354999999973
3444.6234000000045
3444.4768999999965
