[[30],[40],[60],[20,20],[30,30],[40,40],[50,50],[60,60]]
----------------------------------------------------------------
3092.284999999996
3096.327799999999
3098.1579000000033
3098.110999999996
3097.460399999998
3080.3192999999987
3088.0333999999993
3086.442499999998
3087.928899999997
3081.4899000000014
3081.0314999999996
3080.5741
3078.140499999999
3088.7343999999985
3080.5112000000004
3081.4739000000036
3079.950999999999
3079.973300000003
3080.2435999999966
3081.9100000000053
3083.144900000002
3083.291199999998
3082.226699999995
3082.3025000000002
3081.657599999997
3091.4341000000027
3089.337099999998
3086.6945000000005
3090.6326999999997
3085.162500000001
3087.0574999999963
3087.1936000000037
3087.9168999999924
3087.7321999999976
3086.9161999999956
3089.274699999998
3086.6238000000003
3085.9143999999956
3083.649899999998
3085.9037000000008
3089.717599999995
3088.690600000004
3089.659799999999
3088.247799999998
3087.705000000001
3089.966099999994
3087.877299999997
3086.0978000000005
3089.621999999999
3085.124000000003
3087.2043000000026
3082.535399999999
3080.776999999998
3082.8083999999953
3083.8268000000066
3080.9024999999956
3082.4078999999983
3077.4129000000025
3076.5216
3077.919999999998
3076.108099999998
3075.110600000001
3075.192899999999
3076.5348000000035
3076.8709999999965
3073.1317000000013
3073.748800000003
3074.0227999999984
3073.6698999999994
3072.1055999999985
3073.553000000001
3076.9527000000003
3074.8813000000014
3076.4688999999994
3074.6791999999978
3075.2395999999994
3073.8408000000027
3073.2045000000026
3075.4147000000025
3073.3707000000018
3074.9505000000013
3076.691000000005
3077.484199999996
3077.0001999999963
3076.9089999999974
3077.354499999999
3076.7544000000025
3076.551899999999
3074.7414999999987
3075.357399999998
3073.5469000000016
3076.3647000000005
3072.4989000000032
3072.656299999996
3076.2932000000023
3074.665900000001
3075.518100000002
3074.888399999999
3074.4449999999965
3075.1629000000007
3077.3716999999956
3076.5169000000014
3076.480299999998
3077.024299999998
3076.394200000002
3075.9404000000013
3074.6803000000027
3074.8892999999994
3077.9506999999976
3074.9741999999983
3074.8446000000026
3072.8607999999995
3075.588900000002
3074.7089999999985
3074.643300000001
3074.7186
3075.169899999999
3075.0478000000016
3075.472300000002
3076.9519999999984
3073.5094000000017
3072.6686000000013
3073.312699999999
3073.3789000000024
3073.635400000001
3071.230199999998
3067.5198
3071.515299999999
3070.0248
3069.7688000000003
3068.931200000001
3069.4748999999983
3068.8011999999967
3069.731199999999
3069.255099999997
3067.603300000003
3064.2352999999994
3067.3263999999976
3066.734499999997
3067.9161000000026
3068.680300000002
3068.615099999995
3066.143799999999
3069.0904000000014
3068.4127999999964
3065.994700000003
3065.488699999998
3066.2389999999978
3066.9308999999994
3064.4833999999996
3063.316799999997
3063.8352000000023
3064.7673999999993
3062.6871999999967
3063.6164999999996
3062.4234000000047
3059.4223000000006
3062.4422999999965
3059.392300000001
3062.9386000000045
3061.1112000000016
3060.459499999998
3061.7234999999996
3061.705599999992
3059.6697999999988
3058.8512000000005
3057.157200000005
3059.950699999997
3059.9954000000025
3059.4745000000007
3058.3066999999987
3058.131399999998
3058.421800000002
3058.9402999999966
3058.362699999999
3056.859299999997
3057.567799999997
3056.6295999999984
3056.569000000004
3060.2747000000045
3058.1116999999954
3060.1281000000045
3058.8800999999985
3058.2376000000017
3059.774100000003
3060.1116999999954
3059.6457000000005
3060.0604999999982
3061.5547999999976
3060.3915
3061.027199999996
3062.776599999999
3061.3483000000024
3060.099400000003
3059.2579000000005
3059.791099999999
3060.608299999998
3061.0291999999936
3060.9941000000003
3059.9760999999985
3060.6873000000032
3060.2409000000025
3059.5545000000025
3063.3056999999967
3058.757100000002
3061.119999999999
3061.965999999998
3060.524399999999
3057.7859999999982
3059.030300000001
3060.405900000001
3058.1784999999973
3062.850800000002
3060.4727000000034
3058.066900000003
3061.3499000000024
3061.0369999999966
3060.268300000003
3060.432999999998
3060.8830000000016
3058.267000000002
3061.449400000004
3059.2825999999945
3059.7529999999997
3060.4761
3060.2068000000036
3057.4092000000005
3056.568099999996
3059.963099999999
3059.3768000000027
3059.7441999999996
3057.6613000000016
3057.5505000000035
3057.6125999999986
3057.642199999995
3057.388400000001
3057.5399
3057.593400000002
3059.4760000000038
3059.259899999997
3058.0072000000027
3057.7886000000044
3057.521199999999
3057.5484000000024
3059.446399999998
3057.164100000006
3056.7318000000037
3057.9907999999996
3055.2006000000006
3055.5285999999987
----------------------------------------------------------------
3136.2570000000014
3135.7260999999944
3132.6412000000023
3135.9917999999966
3132.534599999999
3137.246800000001
3139.360900000002
3137.581099999999
3142.6577000000007
3141.8371000000016
3137.4092000000023
3128.101899999999
3135.732299999999
3135.2693000000013
3135.5770000000043
3137.8183999999956
3133.7181000000023
3134.921800000001
3132.9417999999973
3127.6368000000034
3139.4359000000027
3140.074699999997
3135.966100000004
3136.3310999999994
3137.016199999996
3136.4222999999993
3136.1885999999963
3137.5271999999986
3136.634899999996
3138.1861999999987
3135.3637000000026
3138.690099999995
3133.1854999999982
3134.8738999999996
3134.6066999999935
3134.2339999999976
3134.5210000000025
3136.8806000000013
3133.2426000000037
3135.4790000000025
3136.3442999999934
3137.5436999999993
3136.760600000002
3136.7903999999953
3136.553900000001
3137.376399999995
3137.9407999999958
3135.742599999997
3135.9395000000027
3135.974200000003
3134.8139000000065
3137.6360000000013
3138.1075999999994
3137.084500000003
3138.0505999999987
3137.2793999999963
3138.7091000000028
3138.8431000000023
3139.7375
3135.0788999999995
3140.6991000000003
3138.588200000001
3140.8269999999943
3140.706
3140.7572000000073
3143.553
3146.1191999999974
3142.631499999996
3143.8834999999976
3143.7978000000003
3141.151600000002
3143.575300000002
3147.8218000000043
3144.4483999999948
3141.545199999995
3147.9087999999997
3142.3979999999992
3144.422399999998
3141.623199999998
3142.1688000000013
3143.0395000000053
3142.398800000001
3138.7656000000043
3142.881900000003
3144.197599999995
3141.1981999999966
3138.8715999999968
3146.053899999997
3139.915799999996
3145.0716000000066
3140.376600000002
3141.176100000001
3140.2862000000023
3140.4713
3140.530700000007
3136.8416999999968
3136.669399999999
3136.9726000000005
3139.0216000000028
3139.297100000004
3136.8228999999988
3136.5690999999965
3139.995700000003
3137.480199999996
3136.0952999999977
3138.4640000000004
3137.0168000000017
3135.4255999999973
3137.211799999999
3136.721600000001
3139.3483
3134.3735999999976
3136.4085000000014
3138.7623999999983
3136.425400000001
3137.325999999999
3134.2742000000017
3135.455200000003
3137.290500000002
3135.1267000000034
3137.6768000000025
3137.1624999999985
3135.193299999997
3137.3823000000043
3136.011599999999
3133.8168999999994
3135.892899999999
3138.2580999999996
3136.895099999999
3138.149899999998
3134.6647000000057
3129.6581
3134.7846999999965
3135.0486000000014
3134.8459
3125.6941999999967
3129.5542000000028
3133.134799999998
3125.7125000000033
3132.9082999999982
3134.5229999999974
3131.543700000004
3132.229600000004
3124.1823999999992
3132.0374000000024
3133.6065
3124.7788999999957
3130.273399999994
3129.813500000005
3130.0448000000006
3130.9490999999994
3126.462500000007
3130.7600000000025
3130.7612000000036
3125.2210000000014
3130.793299999997
3131.083100000004
3135.3551000000048
3130.423199999999
3130.768699999999
3133.6581000000037
3133.9866999999967
3131.302400000001
3130.4055999999932
3123.1369000000022
3128.0013
3127.4240999999997
3123.9185999999995
3128.4676000000036
3127.387099999999
3121.7246999999975
3132.4020999999916
3131.409000000001
3127.5530999999983
3127.0353000000005
3126.8688000000006
3128.4411999999984
3126.9107000000054
3121.8240000000033
3132.5829999999996
3127.1938999999984
3132.243599999997
3122.117699999999
3129.0582000000004
3127.067400000001
3127.9251
3132.1391000000012
3126.826699999998
3121.8511999999955
3126.8688999999963
3121.0023000000006
3127.8308999999995
3126.8587000000007
3119.7073
3127.3898999999997
3126.0521999999955
3130.9438000000005
3120.4429000000014
3119.5061000000005
3125.237299999999
3122.772600000006
3122.5306999999975
3122.6839999999975
3116.7596000000035
3126.3850000000007
3124.3354000000036
3119.537500000001
3116.2094000000016
3121.5400000000013
3124.1791000000017
3115.355000000002
3120.992299999999
3116.0855999999985
3110.105499999997
3109.7628999999984
3112.740499999998
3112.3804000000046
3116.1697000000017
3112.856499999998
3115.745799999997
3108.550200000003
3110.687100000001
3102.492100000005
3100.7384999999967
3108.7600000000093
3099.609899999999
3111.5281000000036
3106.8788999999992
3104.9368
3110.9677000000033
3105.1070000000022
3109.6959
3100.833900000004
3104.990200000001
3108.502900000003
3106.4154000000017
3095.905099999998
3096.089099999999
3105.5063999999943
3104.302300000001
3104.6002000000003
3101.87570000001
3101.4449999999974
3102.2518999999993
3105.5119000000022
3101.7695
3099.5422000000003
3099.6374000000023
3103.1954
3094.5347000000006
----------------------------------------------------------------
2959.645599999998
2955.2714999999985
2956.608700000001
2955.039100000002
2955.6234999999992
2973.1770999999967
2973.735599999993
2975.325200000003
2975.089300000004
2975.4138000000007
2986.1484000000005
2984.535700000001
2984.507100000005
2985.3090999999995
2986.285799999997
2997.3251000000014
3002.9351000000047
3004.267099999996
3000.677800000003
3001.9498000000026
3010.2772999999993
3006.2768000000015
3010.549800000003
3005.8598000000056
3005.8040999999994
3008.482099999998
3010.6208000000024
3012.380200000002
3012.2806
3009.5546000000004
3015.5980999999956
3014.805899999999
3012.9068999999968
3015.6776000000027
3016.156399999999
3019.236399999998
3017.229599999998
3017.242199999997
3018.708100000001
3015.275399999996
3017.060700000005
3016.6147000000037
3016.1674000000044
3015.4084000000016
3015.4662000000003
3013.126699999998
3012.138300000002
3012.023900000001
3012.2051999999994
3012.222200000003
3010.0905999999964
3007.6561
3009.8320999999974
3005.9391000000023
3006.4941000000044
3012.6973999999987
3012.1535999999996
3009.649399999999
3013.552999999999
3010.9044999999974
3010.900499999999
3010.3214000000016
3011.962000000003
3011.946999999995
3012.6256999999973
3011.4734000000003
3012.3738000000035
3010.876899999998
3010.4033999999956
3014.6012000000032
3014.6765000000028
3013.7051000000006
3011.392200000004
3010.3716999999956
3011.5595000000067
3016.481300000005
3012.1040000000016
3018.4593000000073
3015.086699999996
3011.7527999999993
3015.047300000001
3018.1057
3015.639500000002
3015.411199999999
3016.450799999998
3016.8633999999956
3017.0326000000045
3015.282699999994
3016.7362999999996
3016.6434999999956
3016.636499999997
3016.0270999999984
3015.730400000001
3016.520299999998
3014.420699999998
3021.6198000000045
3021.9043999999985
3024.061599999999
3021.1056999999932
3020.0080999999964
3028.375900000002
3025.323800000002
3025.2910000000065
3026.1229999999996
3026.6026000000006
3030.2104999999992
3033.101000000002
3033.0676000000017
3032.444100000003
3029.138699999997
3034.730000000002
3035.6025000000036
3035.5724000000077
3038.9204000000013
3034.3566999999985
3040.944499999999
3040.8175999999958
3041.574100000001
3040.292299999999
3039.5683000000035
3042.881700000002
3042.7645000000007
3041.1008999999995
3043.5563999999986
3043.8799999999987
3044.1764999999923
3045.052400000004
3044.2729
3045.8375999999994
3043.784300000003
3045.8863
3046.7304999999974
3044.4412000000025
3046.3995999999997
3047.3350999999993
3045.697399999997
3046.090999999995
3044.7414000000012
3043.8160000000025
3043.559100000002
3044.6009000000035
3044.937199999996
3045.015
3041.816899999994
3042.1262999999967
3042.036800000005
3042.038199999998
3042.044199999998
3040.105700000001
3042.063699999997
3042.174300000002
3040.8811000000014
3041.9102999999986
3042.825
3042.831499999999
3041.5969999999993
3042.6944999999987
3041.4168999999983
3042.0868999999975
3043.0727999999967
3039.495700000001
3038.3581000000004
3039.2104999999938
3038.0413000000026
3039.029600000003
3037.5960000000014
3038.493800000003
3037.9801999999986
3037.549800000001
3037.8307000000013
3038.408600000003
3041.005900000003
3040.2482000000014
3040.279299999999
3040.9278999999983
3039.671799999996
3043.251900000001
3040.570299999997
3041.5958999999993
3041.103399999998
3042.030499999997
3041.8866999999964
3040.960399999999
3040.9521000000036
3040.6723999999967
3042.3725999999997
3041.3528
3041.270800000005
3042.242500000003
3043.6099000000017
3042.5983999999944
3044.9034000000015
3046.214000000003
3042.188800000001
3042.8786999999998
3042.6929999999975
3040.873000000002
3044.280099999996
3043.3161000000064
3045.973699999999
3044.272599999996
3043.8446
3043.9974000000007
3044.107200000001
3044.7746999999963
3043.2702000000013
3043.2005999999988
3043.5726999999993
3042.9546999999975
3046.7263999999964
3043.411199999997
3044.022100000003
3043.723100000005
3043.988399999999
3043.8407000000034
3047.7720999999997
3047.3965999999996
3046.247700000003
3048.7318000000005
3048.6510999999996
3050.1250000000014
3050.4863
3050.6975000000016
3051.2765000000004
3052.2049000000025
3050.396899999997
3051.3626000000036
3051.540100000005
3052.9708000000032
3051.1546000000044
3053.476799999995
3052.459700000002
3052.983999999996
3049.664400000001
3049.4277000000006
3052.4843999999957
3050.481899999999
3050.3840000000027
3051.349800000002
3051.081399999999
3048.1761999999985
3048.547399999997
3047.842599999998
3051.0654999999997
3051.3463
3048.8263999999986
3050.003199999999
3049.1969000000036
3049.3908999999967
3049.3614
----------------------------------------------------------------
3118.996199999999
3119.451700000001
3125.5488
3123.2629000000006
3122.1579
3110.2908999999977
3112.5288000000046
3109.5872000000013
3116.0227000000023
3113.0690000000036
3111.360699999996
3110.797899999996
3112.970500000001
3108.7449999999963
3110.3413
3105.292199999995
3105.6414999999947
3105.4177
3105.6868
3105.654499999999
3098.445200000002
3099.0569
3100.3013000000005
3099.3554999999997
3100.5403000000006
3095.373899999996
3095.5653000000007
3094.0863000000027
3095.597300000004
3096.2103000000006
3088.475599999994
3090.9846000000025
3090.1034000000013
3089.0306
3088.609700000001
3084.6389999999974
3081.9815999999973
3083.8196999999996
3085.4473000000016
3084.2429
3080.6390999999994
3081.0757000000026
3081.485
3077.1510000000003
3079.7643000000016
3080.9195000000054
3077.733400000002
3079.350600000003
3080.0732999999973
3080.3550999999957
3073.5951000000036
3077.857800000001
3080.820500000005
3078.681900000002
3078.075299999997
3076.9870000000014
3075.7556999999942
3073.658000000002
3079.475300000002
3067.9435999999964
3069.6236999999974
3071.554799999999
3073.7169000000004
3073.2358999999988
3073.806999999999
3068.9172999999987
3068.3324999999936
3066.0526
3070.5093000000024
3070.755599999999
3067.1641000000004
3065.633799999998
3065.747599999999
3064.6522
3064.780400000002
3064.864099999999
3065.3278
3062.3227999999986
3065.0450000000005
3062.974500000001
3060.5366000000004
3063.1878000000024
3054.9301000000014
3061.987999999997
3061.029100000001
3060.088599999996
3059.664300000003
3061.8616000000043
3059.1974999999993
3062.036400000002
3057.254900000008
3056.0383999999926
3051.8821999999955
3057.1248999999934
3059.0894999999978
3060.4891000000025
3052.934600000002
3060.9630999999986
3061.0305000000003
3053.7354000000037
3057.248099999999
3059.256699999993
3057.735799999997
3060.8692
3055.269700000002
3064.197000000002
3062.355300000005
3061.820699999997
3060.921999999995
3063.4656999999993
3066.2739
3065.4077999999995
3061.6366999999987
3065.2008999999985
3066.135699999999
3064.6103999999964
3064.062400000002
3064.1825000000003
3063.8565000000003
3063.4321999999975
3060.1649999999963
3065.7510999999986
3063.769299999996
3064.3218000000015
3064.7275000000022
3066.030299999996
3064.941700000002
3063.375299999998
3062.9694999999956
3061.4733999999976
3060.9647000000014
3058.780899999999
3057.966999999997
3061.2653000000014
3060.881900000002
3056.925499999997
3058.7625999999964
3061.2076999999967
3057.752500000001
3062.1429
3055.422899999996
3057.0666000000024
3058.233400000006
3057.5066999999945
3059.099699999999
3056.062999999995
3048.8088000000016
3053.4592999999945
3052.3098000000023
3053.7218000000034
3050.4298000000003
3046.9951000000033
3048.6096999999963
3045.754800000004
3051.0853999999968
3052.0405000000037
3050.8462999999992
3051.892799999998
3044.961799999998
3052.1339000000016
3049.2348999999967
3049.7388000000033
3044.423299999992
3044.8261999999995
3048.0145
3045.5848999999976
3045.5795999999987
3045.3978999999995
3045.9146000000032
3047.281599999998
3041.9078000000013
3042.5824000000025
3041.3087
3044.893000000004
3041.0799000000006
3040.2361999999957
3039.7173999999977
3039.5529999999994
3040.7835000000014
3038.753299999998
3038.503300000004
3040.1825999999933
3037.191599999998
3038.4245999999953
3039.4344999999985
3035.926300000003
3036.2554000000046
3035.734000000005
3036.2188999999994
3036.3314000000028
3035.907600000002
3035.9697999999994
3033.388899999997
3034.2766000000024
3036.094600000003
3029.6047000000026
3033.058799999999
3035.702799999998
3031.998500000002
3029.7128000000002
3030.2581999999998
3031.6516999999985
3033.5364000000022
3030.667800000002
3030.0418999999965
3026.5663000000004
3030.543499999997
3029.307299999997
3029.4292
3029.112400000001
3031.593499999995
3028.9460000000036
3030.5621000000024
3029.5870000000036
3033.289799999996
3026.6367999999966
3027.178900000003
3029.623099999997
3030.5388999999996
3031.1092999999996
3028.194099999996
3026.9453000000003
3029.0191999999984
3026.0531000000015
3028.2958
3029.682300000004
3027.3955000000014
3030.5996999999993
3027.6445000000053
3028.7638000000006
3026.8487000000005
3032.8305999999957
3030.5422999999973
3028.435699999999
3026.4361000000017
3031.1888999999996
3030.922200000005
3030.687000000003
3033.4260000000004
3028.457899999996
3033.5808000000015
3028.5322000000037
3028.1993000000016
3030.4792999999945
3031.8239999999987
3026.3090000000007
3028.7392000000004
3026.316599999999
3026.197300000001
3030.246400000001
----------------------------------------------------------------
2610.1513000000004
2607.6583000000037
2607.4346000000032
2602.901199999999
2605.952900000003
2608.0919999999987
2607.864100000003
2606.1169000000014
2601.2948000000038
2601.344600000003
2599.811600000002
2599.6057000000014
2606.4211000000014
2603.912499999992
2604.0845000000013
2600.092499999996
2595.3661999999963
2598.882799999998
2597.860400000004
2599.6240000000003
2592.5487999999987
2600.214400000001
2592.0070000000032
2596.4241999999986
2591.996600000003
2589.9389000000015
2592.987000000002
2594.3364000000024
2596.980200000002
2593.3885000000023
2590.3038999999976
2589.8569000000016
2590.2707999999984
2590.3221000000003
2590.7545999999998
2593.8959000000004
2583.3205999999977
2587.426500000001
2590.0750000000066
2592.7915000000003
2579.7230999999992
2581.2487999999985
2582.9173000000033
2589.5203
2583.307100000002
2580.3383999999983
2580.0384000000017
2573.5770000000007
2584.3509000000013
2577.7142999999974
2579.699699999999
2579.673800000003
2584.602000000005
2579.8247999999935
2580.4088999999985
2584.5156000000015
2585.2978999999996
2580.0580999999997
2584.0365000000015
2579.061199999993
2570.835400000001
2584.0288000000014
2578.731999999999
2583.5525000000016
2578.0746000000013
2569.6715000000013
2576.3332999999957
2576.307500000003
2569.309300000001
2569.2132000000015
2579.706800000006
2580.944099999999
2578.9996
2580.4621000000025
2565.4434000000056
2566.185899999997
2573.0076000000013
2573.993400000004
2571.569499999997
2578.685599999999
2565.266300000003
2576.502900000005
2563.6949999999924
2570.0557999999987
2569.0828000000006
2564.2046000000037
2574.055400000001
2567.5063999999998
2567.3385999999996
2563.9914999999996
2566.3165000000026
2565.857399999996
2561.6159999999986
2565.8418000000006
2565.4980999999993
2567.3986000000014
2563.460700000002
2563.295600000006
2568.326200000001
2563.2878999999994
2566.9415999999974
2556.4155999999994
2562.076499999997
2560.509199999999
2567.162500000004
2553.712399999998
2553.4764
2559.283400000005
2560.0956000000015
2557.541099999999
2557.8890999999985
2553.9377999999983
2560.7175999999968
2563.164299999998
2558.3205000000016
2556.0592999999985
2555.511700000003
2560.8097000000007
2552.5095999999976
2552.9484000000016
2559.0925999999986
2554.8413000000023
2553.4862000000044
2557.532600000004
2554.530800000004
2553.436099999998
2557.2568000000056
2553.286499999997
2553.414600000004
2551.472400000002
2552.5815999999963
2552.6541000000034
2552.782599999998
2552.177100000004
2552.5717
2548.3827
2552.4835999999987
2557.5900999999963
2556.8974000000026
2552.9660000000035
2548.5947000000037
2555.662100000003
2554.6147999999994
2551.9958999999985
2552.5295
2554.7683999999986
2551.2854999999986
2548.7994000000003
2550.847299999998
2545.4610999999995
2551.3301000000024
2554.8905000000004
2555.972400000004
2551.649999999999
2551.7374999999943
2547.956899999998
2552.2385000000017
2552.148200000001
2552.596300000003
2552.0758999999966
2551.107399999996
2551.441299999998
2551.0843
2548.422600000001
2555.7327
2555.927700000001
2547.481999999999
2550.762100000001
2554.9852999999994
2547.5222999999996
2553.777800000001
2550.2798000000016
2550.593700000005
2555.907399999996
2550.4420999999975
2556.3259
2556.076200000003
2547.1045999999983
2547.634399999999
2550.4280000000044
2556.4775000000013
2551.747199999999
2547.2324
2550.0732999999964
2547.8174999999987
2547.5514999999996
2555.982599999998
2549.3685000000028
2550.2468999999996
2555.508300000001
2547.800899999997
2550.025399999998
2550.495599999999
2546.5612999999985
2550.824299999998
2549.264800000002
2547.0463999999956
2556.7688000000003
2550.0515999999975
2546.8549999999964
2550.989100000001
2557.8401999999996
2545.9233000000027
2551.039199999997
2548.5092000000013
2551.4832999999967
2554.722900000002
2556.9336
2549.596299999996
2555.8711000000008
2555.3765999999996
2562.0083999999993
2560.774699999999
2555.0776000000014
2555.101000000005
2556.1641999999965
2555.501299999999
2558.545900000002
2559.7457000000045
2555.014800000001
2554.6442
2551.253400000007
2552.239800000005
2562.373299999999
2557.080500000002
2557.684299999998
2557.724799999999
2556.0107999999996
2557.6953000000017
2557.7099000000026
2557.958200000003
2561.6676999999972
2557.4330999999984
2563.100499999998
2561.8072000000006
2553.7902999999988
2553.466299999999
2563.0088000000032
2561.809100000003
2557.4279000000015
2551.684700000003
2557.627799999998
2558.7122000000018
2558.1342000000013
2557.3544999999976
2565.246899999998
2559.909299999999
2560.6961999999985
2561.220699999999
2559.535900000001
----------------------------------------------------------------
3284.7508999999977
3284.8484999999987
3285.810700000003
3285.295900000003
3286.220000000005
3292.777799999998
3293.153700000002
3293.7052000000012
3293.8669000000023
3290.4245999999966
3303.681100000002
3301.656
3303.3563
3302.8887999999965
3301.871399999999
3306.0379000000016
3306.8332000000023
3306.7124999999974
3306.589000000001
3306.5128000000022
3310.203300000004
3311.353100000001
3311.230499999995
3309.849799999998
3311.9790000000035
3315.2097999999996
3314.4387000000024
3313.5805
3313.3771999999954
3313.5934
3316.3761999999924
3314.6538999999966
3315.315599999997
3316.1556
3313.8816999999954
3314.681399999999
3314.4616
3316.0388999999977
3314.3866000000016
3313.399900000003
3313.762400000002
3312.4082
3312.8627000000006
3313.977299999995
3313.6453999999985
3310.886700000007
3311.0157000000036
3311.4971999999993
3309.5629999999987
3311.056700000002
3311.768099999997
3312.1880999999985
3313.5301000000054
3310.8444
3312.5994999999994
3312.1532000000047
3312.9822000000004
3312.7134999999985
3313.098599999994
3311.580100000001
3313.0073000000043
3310.2400000000016
3310.7482000000005
3312.4114999999974
3312.0487000000007
3310.6600000000003
3310.3135000000034
3310.5023000000037
3312.113400000003
3311.3281
3310.607800000003
3310.5752999999954
3311.7280999999966
3312.335200000002
3310.2535999999977
3312.8005000000016
3311.6870999999946
3311.8788000000004
3312.541900000004
3312.449700000001
3314.151399999996
3314.021999999999
3313.176699999996
3312.9815999999964
3312.416599999997
3315.5595999999996
3315.2147000000023
3314.0617000000025
3315.7203999999983
3314.815400000005
3314.3768999999934
3314.3804999999934
3314.19499999999
3314.899100000001
3313.714000000003
3313.8554000000036
3313.7037
3313.9420999999984
3313.450600000001
3314.029299999994
3310.0280000000007
3309.2360000000067
3310.4462999999973
3310.087200000003
3309.995899999997
3306.3037999999992
3306.1975000000007
3306.372600000003
3307.5362999999998
3307.1843999999996
3303.3403
3302.7570000000005
3303.771700000002
3304.2180000000003
3303.2060000000024
3304.2374999999997
3304.475999999994
3305.6276999999973
3303.688299999999
3305.066200000001
3305.396399999998
3305.4319999999993
3306.8684999999987
3305.1226000000024
3305.216099999995
3305.4127000000017
3304.205900000005
3304.1549
3304.2780999999995
3305.8298999999997
3307.152799999998
3304.8099000000025
3305.149700000001
3307.8638
3306.9487999999983
3312.3697999999954
3310.206099999997
3308.805299999997
3311.3163000000027
3311.2082000000037
3317.020800000002
3315.5673999999995
3316.6821000000023
3318.7626000000014
3318.396300000002
3324.6733999999983
3324.1824000000006
3325.200299999996
3324.5143999999964
3322.5716999999986
3330.1166999999987
3332.1434999999983
3332.5762999999965
3331.6632999999983
3331.8012000000017
3333.480500000001
3336.1645000000026
3336.260699999999
3335.0409000000022
3336.059599999996
3335.373899999999
3335.6021999999944
3339.233700000008
3338.608799999995
3340.616299999998
3340.827100000002
3338.520200000004
3341.1366999999987
3340.5514000000016
3341.629500000004
3340.5721000000017
3342.0750999999977
3340.9562000000005
3341.479800000001
3344.5465999999974
3346.107299999998
3343.820600000005
3342.4615000000003
3341.855999999996
3343.797300000002
3346.279299999996
3344.8961000000018
3344.0371000000046
3342.1438000000003
3342.1976000000027
3343.8757999999975
3343.871000000001
3343.0486000000033
3343.5914000000007
3344.156099999998
3343.985500000005
3338.582399999996
3338.8869999999974
3339.359299999994
3339.9575000000004
3342.5583000000006
3338.150500000003
3343.0569999999916
3338.8692000000015
3337.324900000003
3338.435000000002
3341.952899999999
3338.9561000000017
3338.2904000000035
3338.592200000004
3339.9426000000003
3340.1051999999986
3339.8332999999975
3341.589900000001
3339.8371
3343.517299999998
3340.2229000000025
3339.6435000000015
3342.1363
3343.0743999999995
3340.252600000002
3340.285999999996
3340.5228999999977
3339.8152999999975
3339.674899999994
3340.320500000003
3339.932999999995
3341.5522
3341.2341999999994
3340.267300000001
3342.4227999999966
3341.9203999999995
3341.4768000000035
3342.316899999997
3342.3525
3343.6358999999984
3341.5876999999987
3343.756200000001
3345.0864999999962
3342.718599999995
3344.7287999999958
3344.3503999999984
3343.691699999999
3343.491300000002
3341.866099999999
3344.1988
3343.342500000002
3342.438800000006
3343.831400000004
3342.9540999999977
3343.8546999999994
3345.0486
3345.3845999999958
3345.475400000001
3343.8713999999995
----------------------------------------------------------------
2962.125000000002
2959.219700000004
2960.9431999999997
2958.8223999999987
2956.007
2927.501199999999
2929.3453000000036
2928.3056999999976
2928.161800000001
2927.8487999999975
2916.5783000000015
2916.2690000000002
2916.2949000000017
2916.2495
2918.0396000000023
2911.552400000001
2910.309599999999
2910.8087999999957
2911.530500000003
2911.0768000000035
2907.7811999999994
2908.143799999995
2907.5925999999963
2907.5802000000035
2907.669799999996
2904.4436999999957
2904.385299999997
2906.993599999999
2903.5132000000003
2905.678200000001
2895.866100000002
2895.8527999999988
2895.782000000001
2896.2855000000004
2896.522100000003
2889.418999999998
2888.1604999999977
2888.8968000000004
2888.8688999999986
2889.5881000000013
2882.901599999995
2883.063900000006
2884.8641999999954
2882.0806000000016
2882.153599999999
2880.804099999997
2879.275900000003
2880.8370999999997
2877.627100000001
2880.757200000002
2875.3724000000025
2874.800400000003
2875.892500000004
2874.6995000000024
2875.370700000001
2870.370299999999
2870.132599999997
2872.7609000000007
2870.937900000005
2869.931000000002
2867.0446000000024
2866.0220000000004
2865.0944999999997
2865.406499999998
2867.6936000000014
2864.7623000000017
2866.4155999999957
2866.2763999999943
2868.5667000000026
2865.3134999999997
2867.649600000008
2872.5837000000042
2865.320900000001
2872.4638999999984
2870.5330999999974
2872.153000000001
2867.093299999999
2867.7052000000003
2872.1744000000017
2871.0743999999963
2874.1395999999936
2872.0594999999994
2873.3122999999987
2874.436300000003
2872.433600000001
2879.5366000000067
2876.8975000000005
2877.589199999996
2876.040600000001
2875.6848
2878.107900000001
2877.492799999998
2878.3060999999984
2880.3387999999995
2878.5288999999966
2880.0938000000037
2882.6169999999984
2880.882900000001
2882.4211
2883.216700000004
2882.8128999999976
2883.951700000002
2882.8907000000013
2882.9481000000014
2884.6040000000007
2888.045000000002
2886.943999999999
2886.8929000000044
2887.8292000000015
2887.160399999993
2891.5124
2892.3518999999997
2891.173299999999
2890.5620999999987
2892.5766999999955
2893.4875000000034
2896.5245000000023
2893.8193000000038
2894.189400000007
2894.666599999995
2902.217500000001
2898.903600000002
2899.158400000005
2899.8464000000045
2898.3910999999957
2902.282599999999
2905.035699999996
2900.629200000002
2900.380999999993
2899.6961000000024
2904.126799999999
2903.9367999999963
2903.7272999999973
2905.171400000004
2902.8454999999954
2907.588699999996
2911.9516000000003
2908.9342
2911.4292999999984
2910.3777000000014
2907.2484999999997
2909.283399999998
2907.804300000002
2911.228400000005
2912.371599999996
2907.6522999999956
2909.1211
2908.867600000004
2914.046699999997
2908.221200000002
2906.663899999997
2907.241599999999
2906.874499999996
2909.351699999996
2906.7627000000043
2907.6691000000033
2904.9227999999976
2904.814500000003
2905.066999999997
2905.093000000004
2906.2652000000016
2903.700199999998
2904.2462999999952
2903.6166999999987
2902.9466
2905.319400000007
2903.1481999999983
2901.9297000000024
2901.505599999998
2901.047499999997
2899.889700000001
2901.721300000003
2900.7974000000045
2901.5717999999965
2899.3577999999993
2897.8761999999974
2902.4173000000005
2901.2960999999978
2901.166500000007
2901.192400000003
2899.0341999999987
2902.631700000001
2902.772099999998
2899.3453000000063
2899.714999999997
2907.3586000000023
2903.033900000001
2902.012499999999
2902.678100000006
2902.0040000000013
2907.784499999997
2903.7044000000014
2903.3101000000024
2903.8385
2907.5361000000025
2902.9519000000078
2905.008799999995
2906.2944999999977
2902.2293000000013
2905.617599999995
2906.814900000007
2906.264800000001
2906.6824999999963
2905.5045000000027
2904.7780000000007
2908.131699999999
2906.796100000004
2909.904099999998
2908.846899999995
2910.5623000000037
2909.964200000002
2911.078399999999
2907.990300000002
2909.010599999996
2911.840000000003
2909.7183999999993
2909.5194999999967
2907.657099999999
2910.3525999999993
2910.5947999999985
2910.9136999999982
2914.5002999999983
2909.6568999999995
2910.573499999996
2911.5020000000013
2911.7625999999973
2911.2750000000015
2912.5552000000007
2911.2160000000035
2912.9392000000034
2910.6368999999995
2910.3825
2910.6130000000035
2910.4243000000047
2909.171600000006
2909.6278000000016
2908.7253999999953
2909.2581000000014
2910.974799999997
2909.4432999999985
2908.4707000000017
2909.6422000000007
2911.0444000000016
2908.8564999999976
2909.1553000000017
2907.9024999999983
2908.710799999999
2908.018099999999
2909.803699999995
2908.8866999999937
----------------------------------------------------------------
3283.3547999999987
3282.8457000000035
3283.1954000000005
3282.875299999999
3280.5023
3274.8526000000024
3275.492399999996
3276.1995999999995
3277.4152999999956
3275.3607
3269.2921000000006
3273.157800000001
3271.089999999999
3272.027400000001
3271.9945000000043
3268.1919999999977
3272.282300000002
3270.072700000003
3269.0792999999926
3267.4664000000007
3271.127700000002
3273.9998999999993
3270.166299999999
3272.7513999999974
3272.641300000001
3273.010200000001
3271.307700000003
3271.8922999999954
3272.1662000000024
3271.8233999999998
3272.741999999999
3273.7333999999987
3270.939200000005
3273.1751999999983
3273.1238999999987
3279.8394000000008
3280.2533
3278.944
3277.6787999999992
3279.068899999999
3282.937400000005
3280.5848
3282.853299999997
3285.046200000005
3281.346299999994
3283.426400000002
3284.264100000001
3283.1004000000007
3282.1990999999975
3282.548999999999
3284.9894000000004
3283.7512999999985
3283.3546000000038
3279.856200000004
3280.649900000002
3288.638900000005
3288.2618000000007
3286.157899999999
3286.174599999998
3284.2649000000024
3292.3959000000004
3289.3814000000016
3290.2564000000016
3289.096100000001
3290.263700000001
3297.353099999997
3292.595800000001
3293.311899999997
3292.086600000003
3294.6196999999984
3298.008400000001
3297.0670999999984
3295.893299999999
3297.9999000000025
3300.186400000002
3301.734499999998
3303.036899999998
3300.4251999999956
3303.9219999999973
3303.7293000000013
3307.498099999999
3305.7425000000003
3305.3371999999963
3306.8252000000016
3305.0887999999973
3310.1441000000004
3309.591100000002
3309.7083999999995
3310.4648999999977
3309.381900000004
3312.062
3313.8324999999973
3314.3324000000034
3313.5483
3313.372699999995
3314.8615999999997
3314.669300000001
3314.551199999998
3314.682600000001
3315.2809000000007
3315.4823999999967
3315.5866000000037
3316.0966000000003
3316.1286999999957
3315.525699999992
3315.8742000000047
3314.928300000001
3315.2628999999984
3315.680700000001
3315.3768999999966
3315.5981000000015
3316.8719000000006
3316.5999
3316.0926999999992
3315.1425999999997
3316.1353999999947
3316.323000000001
3315.6179000000006
3316.234899999997
3315.7552999999984
3314.564900000003
3314.6953000000017
3314.2072000000044
3315.7339000000075
3313.567399999999
3307.3481999999963
3308.6958
3307.3749999999986
3307.7167999999956
3307.1390000000038
3304.2341000000006
3304.982499999999
3305.266300000005
3306.1687000000006
3306.895400000003
3301.8987000000006
3301.792600000007
3303.5398000000005
3303.5603000000006
3304.1733000000013
3300.456900000005
3301.2230000000054
3300.3097000000034
3300.205800000003
3300.175500000002
3297.0003000000006
3298.445100000003
3296.834499999997
3297.686000000002
3297.1322000000023
3295.9315999999994
3295.1647000000003
3295.3706999999986
3294.8258000000005
3295.4177000000036
3295.8057000000003
3296.192800000001
3295.990500000003
3295.584300000006
3299.7615
3297.5001000000025
3294.8222000000032
3296.4889000000044
3296.382900000002
3296.3805999999972
3295.1910000000057
3295.6178999999916
3296.326499999999
3295.745600000004
3294.984999999997
3295.9184999999993
3295.3729999999964
3295.3211000000047
3295.8880000000017
3294.9800999999975
3295.2095000000018
3295.0806999999986
3296.118500000005
3294.953599999999
3295.9958000000042
3297.5835000000006
3294.601400000001
3295.3500000000017
3295.6443000000017
3293.8618999999962
3294.3122999999996
3301.950700000003
3294.4288000000006
3294.5203999999967
3295.7096000000065
3302.010699999996
3301.6340000000037
3297.0356000000015
3296.189000000001
3296.6324999999983
3303.0319999999965
3304.3086999999978
3296.101600000004
3297.4399000000008
3302.1526000000013
3296.085700000003
3298.2464
3296.640400000003
3297.0166999999983
3297.268700000005
3296.665499999997
3303.7203999999983
3296.891399999999
3299.6039000000033
3296.0371999999975
3297.847799999997
3297.3608000000017
3305.0605999999966
3297.642599999998
3298.4200999999994
3298.0545999999936
3298.8789999999967
3300.1703999999954
3297.3391
3303.5597
3297.6174000000015
3297.2597999999984
3298.4014999999995
3298.1392999999975
3297.4414000000043
3304.3678000000014
3298.5988000000007
3296.1784999999995
3296.2403000000013
3302.0431999999973
3301.4138999999977
3296.126999999997
3297.5363999999986
3302.075300000001
3299.645900000005
3296.7567000000017
3294.5428000000065
3294.6098999999986
3294.042100000001
3293.904400000002
3292.820500000002
3293.664400000002
3296.0389000000014
3291.242999999999
3293.395099999999
3287.7323000000024
3292.5762000000004
3289.791400000008
3288.1301999999982
3288.9199000000026
