2894.4917
2898.1941
2897.1630000000014
2896.2464
2897.120999999997
2896.3391999999967
2899.7421999999956
2903.6432999999984
2902.221400000004
2902.064199999995
2903.068500000001
2902.7119
2920.1220999999946
2918.0417999999963
2917.7046000000037
2919.170599999996
2918.4528999999993
2919.2149
2924.2276999999976
2923.9700999999964
2923.7004000000065
2924.5105000000012
2924.611299999998
2921.568099999999
2930.483599999998
2929.871000000001
2928.4302000000025
2929.3529000000035
2920.785099999998
2921.495699999994
2933.7583999999993
2933.728899999996
2935.3936000000035
2933.886200000003
2933.4118999999982
2924.211899999995
2927.3914999999974
2927.3747000000008
2933.590400000001
2925.989399999994
2926.218900000006
2931.3361999999993
2935.1063000000013
2928.6191000000013
2939.0695000000005
2937.375
2939.440000000002
2939.041199999997
2937.485400000004
2934.111400000001
2932.1562000000013
2936.5238999999965
2944.518400000001
2936.2538999999997
2945.945299999996
2945.966600000001
2944.123500000002
2945.185899999998
2940.025599999998
2951.1289000000047
2942.691499999996
2942.4620999999975
2940.7708999999977
2945.2626000000005
2958.113799999996
2945.898199999999
2953.771300000001
2956.1653000000015
2947.318600000001
2951.5631999999987
2946.769000000003
2959.510800000001
2951.791999999998
2958.809199999999
2961.134899999999
2963.2043999999964
2957.988900000001
2964.003900000001
2967.3484999999987
2962.8142999999955
2957.1994999999993
2971.6273000000015
2969.4636000000023
2957.305199999999
2971.4690000000023
2963.185399999995
2970.2509000000036
2966.7682999999997
2970.120199999999
2970.742099999997
2975.3179999999993
2974.863500000004
2974.214199999997
2979.698000000002
2980.7833000000014
2972.769400000001
2969.516699999996
2961.939200000004
2971.9853999999937
2975.6979999999976
2960.8897999999967
2969.7082999999993
2971.6879999999983
2969.3977999999993
2971.832799999998
2965.858300000006
2957.9383000000025
2965.5173000000013
2961.6584
2960.0078999999996
2971.595000000003
2963.631200000003
2956.8946000000074
2969.478099999998
2961.229899999996
2962.5434000000014
2962.598100000004
2956.9743000000026
2962.8920999999964
2972.5451999999964
2961.8024999999957
2960.1000000000017
2968.500699999999
2962.305400000005
2968.555600000001
2964.6820000000025
2954.643599999999
2959.2549000000026
2960.889899999997
2959.6047999999996
2960.145500000005
2954.777400000005
2953.6735999999996
2961.3559
2959.963900000003
2968.711499999998
2962.982399999999
2957.3661999999936
2962.3705999999966
2961.752299999999
2961.1520999999993
2961.7105000000042
2970.213800000003
2969.0953999999997
2961.373000000003
2957.473299999997
2960.245500000002
2969.9615000000013
2960.7199000000005
2956.3984999999966
2963.5811999999996
2963.5230999999994
2963.334099999999
2971.3638
2971.1479000000045
2957.365300000001
2967.9852999999985
2971.685000000001
2964.2219000000014
2960.4399999999996
2967.3608999999983
2967.558600000004
2971.884900000001
2971.9987999999976
2972.989100000008
2970.8811999999934
2979.4260000000013
2970.939499999998
2986.7199000000005
2979.758099999998
2981.005799999999
2976.953600000001
2971.0193999999988
2986.5939000000008
2983.1964999999987
2990.8189000000043
2982.1688999999983
2987.482100000002
2981.7344
2988.275500000001
2988.6067999999977
2979.696099999999
2984.8182000000043
2984.5978000000036
2985.913399999997
2986.5745000000006
2994.421300000003
2985.0361999999977
2991.988099999995
2983.118899999997
2992.1579999999976
2986.375600000001
2992.8718999999987
2988.2040000000006
3000.0474999999988
2988.182799999995
3001.119300000001
3001.1633000000006
3005.809199999999
2989.9561999999987
3005.8313000000007
3004.6275000000014
2991.395700000005
2990.019000000002
2997.8250000000035
2990.8897999999995
2997.248800000002
3006.1652
2997.967100000002
2994.415400000005
2991.049700000002
3000.4383000000003
2999.382899999999
2994.7506
3008.1984999999995
3000.6338999999957
3004.6829
3004.083000000001
3004.1691000000014
3007.595499999999
3003.115399999998
3004.6149000000014
3006.8458999999943
2995.548499999999
3003.9557000000023
2994.5498000000016
3006.3194000000003
3005.334099999997
3010.823599999996
3008.737000000001
3005.711100000003
3008.0384999999983
2996.4444000000044
3008.612400000005
3002.5574000000033
3007.3317000000006
2996.8316999999984
3014.5790000000015
3012.0892000000017
3009.348899999997
3013.3413000000064
2998.478300000001
3009.208800000003
3013.4586
3001.1849999999986
3014.0670999999966
3015.604499999999
3006.978500000003
3008.7404
3001.512800000005
2998.9828999999963
3000.9021000000034
3009.643900000003
3008.4278000000004
3009.493799999998
3009.7107000000037
3009.1471000000015
3017.0634999999993
3015.4360000000015
3002.6811000000034
3014.567799999995
3007.798899999999
3002.3784000000023
3002.186800000001
3011.454999999998
3006.0047999999983
3012.775299999997
3005.873200000001
3007.399999999999
3016.2309000000027
3007.517400000001
3003.6852999999965
3007.151000000001
3004.202499999999
3014.3425000000025
3012.524199999999
3008.5438999999988
3010.8363999999992
3003.628200000007
3004.5871000000025
3006.1934999999944
3003.9552999999996
3009.3086000000026
3012.267200000004
3011.0666
3010.3356000000003
3010.9199000000003
3012.288000000001
3002.5104000000006
3015.2342000000062
3014.498700000003
3010.3399000000027
3011.126599999999
3013.9801
3006.5421000000015
3007.8762999999963
3011.1598999999974
3015.6392000000055
3014.302699999999
3016.6393000000053
3011.8566999999944
3014.170300000001
3013.6467999999986
3008.312900000002
3011.9264999999996
3003.5340999999976
3011.058900000001
3007.4307000000035
3016.9819000000007
3005.4988999999982
3016.8195999999994
3019.7656999999986
3010.1009
3013.870300000001
3006.691700000001
3018.7989000000007
3007.844699999998
3013.521
3020.0218000000023
3013.877800000003
3009.013500000001
3015.0706999999957
3003.5699000000004
3006.2142000000017
3010.7666999999983
3014.9228999999946
3014.0533000000037
3009.273900000008
3010.247500000001
3022.8982999999994
3017.2318
3016.481400000002
3012.564600000004
3020.2438999999977
3024.770999999998
3018.355700000002
3026.1586000000025
3019.131100000001
3018.4566999999984
3016.732699999998
3017.6078999999977
3013.598200000002
3019.7262000000037
3017.3176999999996
3017.9500999999946
3023.7726
3026.3329999999933
3018.749700000002
3016.989200000004
3022.1681999999973
3018.0782999999988
3019.1538000000014
3017.554500000001
3024.6919999999973
3018.1009999999997
3023.102399999997
3017.7565000000022
3016.986699999997
3021.202799999996
3023.1858999999968
3018.958700000001
3019.8964999999985
3019.547400000001
3028.259699999997
3019.065099999998
3019.4839
3027.4448999999986
3017.7376999999983
3028.633099999999
3019.9677000000006
3018.5038999999974
3015.274600000002
3028.6877000000036
3016.3783999999973
3026.8918999999955
3026.908599999998
3022.1512000000043
3015.785499999999
3021.9618000000023
3028.447399999998
3015.774900000002
3017.2841000000044
3030.8236999999976
3016.3751000000025
3023.375399999999
3029.9227000000033
3023.3190999999993
3022.656700000001
3023.1207999999997
3016.7153000000035
3028.884500000004
3024.6578999999997
3027.744200000002
3021.3638
3022.391799999998
3023.3085000000056
3021.664199999997
3028.3167000000026
3025.752899999999
3025.014800000002
3023.2813000000065
3031.3335
3028.145199999999
3030.7119000000075
3028.2100999999966
3034.207300000003
3027.305
3023.854099999996
3028.7748
3028.5253000000034
3028.5569000000046
3026.8989999999985
3027.405
3026.0371000000073
3029.460800000001
3027.526100000001
3027.0269
3028.760900000003
3031.222499999999
3033.2226000000005
3036.9272999999994
3027.263500000001
3031.363099999995
3031.9573000000046
3030.3240999999966
3030.038
3030.7435
3034.4574999999995
3038.115000000006
3038.970100000002
3032.660900000003
3029.1447999999987
3032.3166000000056
3032.8976999999977
3037.856500000001
3030.988599999993
3031.2370999999976
3033.6887000000024
3037.1038999999955
3031.7509999999984
3032.5338999999954
3033.9800999999998
3037.4538000000025
3035.367599999996
3034.0324000000023
3034.1323999999995
3035.2358000000045
3036.2507000000023
3033.4389000000024
3035.557699999999
3033.485799999996
3036.1324000000027
3039.391299999997
3033.0419999999995
3034.8549000000007
3038.2297999999964
3038.1806000000033
3035.7700999999984
3038.515499999997
3035.0422000000017
3034.9127999999987
3034.4773000000014
3041.086899999997
3044.9101999999984
3037.1181999999994
3040.770199999993
3038.909400000002
3040.946099999994
3042.8317999999977
3039.1920999999975
3043.7256999999995
3042.7439000000013
3040.095100000005
3042.6540999999984
3045.134899999997
3044.035400000001
3044.9104000000007
3043.300600000002
3045.571899999999
3045.467399999998
3049.415400000004
3051.9995
3047.6742999999988
3046.623799999997
3051.4330000000027
3048.271900000004
3050.8033999999993
3051.673500000001
3052.8195000000032
3052.0981999999985
3053.013199999998
3052.9693000000034
3059.546600000003
3058.5305999999987
3055.306399999997
3056.4152000000067
3055.721100000004
3055.797100000001
3059.3974000000017
3058.1962999999964
3058.8482000000035
3059.8746000000006
3059.4541
3061.389899999999
3061.787300000001
3059.624299999995
3057.613999999998
3058.015400000006
3060.158299999995
3059.150100000002
3056.4858000000013
3058.0747000000015
3058.6515000000004
3059.840000000001
3060.727099999997
3060.533199999996
3053.415000000002
3058.8305999999975
3054.6569000000004
3060.9586000000013
3057.3677000000016
3058.2367999999997
3058.1044000000006
3057.5736000000024
3058.337399999999
3053.3010000000063
3053.3047999999953
3053.724500000003
3047.8417999999992
3052.1487000000016
3049.009900000001
3049.657000000001
3047.3461999999986
3053.3328
3048.289700000002
3048.387199999998
3051.386800000003
3049.7318999999993
3045.025099999997
3053.451599999994
3047.1019999999976
3042.5027999999966
3048.1038999999982
3048.8550000000023
3046.4124999999995
3050.4990999999955
3043.722799999999
3044.434600000001
3045.128000000002
3046.5467000000003
3043.6974999999957
3043.885199999999
3041.406799999999
3042.635300000002
3040.404299999995
3042.683699999996
3040.353699999998
3039.5886999999984
3039.239400000003
3039.217699999997
3040.7934000000046
3039.1623999999983
3040.2963000000004
3032.8347999999946
3035.2894999999958
3033.543100000005
3036.9443999999994
3036.336999999999
3035.921200000001
3037.786999999998
3033.6304000000023
3035.010800000001
3031.9519999999984
3034.474499999996
3036.475199999994
3034.853600000006
3031.280200000004
3031.0445999999997
3031.304500000003
3030.7185999999997
3030.8081000000006
3031.0218000000036
3028.410899999998
3029.6007999999983
3028.7482000000005
3028.935100000005
3028.6964999999996
3028.316
3024.8576000000016
3025.9624999999965
3025.948700000004
3025.5183000000025
3025.3176999999982
3026.0050999999976
3022.2598
3022.3516
3022.5449000000012
3022.8018000000015
3022.3116000000005
3024.1204000000034
3020.9721000000022
3019.393500000006
3020.1641000000027
3019.6639999999993
3018.5854999999997
3022.678400000003
3017.6912000000007
3017.659800000003
3018.348600000002
3018.4847999999965
3018.2826000000014
3018.6845999999973
3017.237500000005
3014.9724999999958
3016.287000000001
3014.097100000002
3014.1614999999974
3017.4571000000037
3014.0049999999947
3015.5085000000004
3013.3952000000018
3012.9922000000024
3014.1200999999987
3013.6259000000027
3013.693299999999
3012.116700000002
3011.822499999997
3014.621000000001
3011.763000000002
3012.7225999999996
3012.8677999999973
3010.571000000001
3010.3943000000017
3010.7974999999988
3013.949900000002
3012.420699999995
3013.744299999997
3011.6065999999933
3010.7320000000013
3011.5225000000014
3010.5163000000007
3014.1317999999983
3013.696799999999
3015.075299999997
3011.2196999999996
3013.9339999999993
3012.358499999998
3012.982100000001
3015.4695
3012.180300000004
3013.6271000000015
3012.4921
3013.219799999999
3013.667299999998
3013.667199999998
3013.8063000000056
3012.965599999999
3015.411399999994
3015.898600000003
3014.3086999999996
3013.1352000000043
3017.342899999999
3015.3815000000013
3015.8446000000017
3017.7139999999977
3016.8140000000053
3015.7770999999984
3015.4530000000036
3015.3087000000005
3020.3585000000003
3011.9013999999966
3016.093199999999
3019.330800000004
3016.848500000004
3019.2832000000017
3020.131800000001
3015.392299999998
3018.175600000002
3022.2217000000064
3023.8794999999927
3024.4564
3021.4665000000014
3022.345600000001
3022.7061000000067
3024.5204000000044
3028.8383999999983
3024.993199999999
3021.9456000000005
3026.6252999999974
3022.2016999999973
3030.098300000002
3030.0889000000006
3029.5984999999973
3030.4552000000012
3031.0097
3033.1031999999996
3032.6199999999985
3033.9196000000065
3031.288700000004
3036.265199999996
3032.285200000001
3035.6503999999945
3033.7881999999977
3033.6920999999984
3037.0832999999943
3036.236499999996
3034.0226000000016
3036.9997
3036.7925999999998
3041.092400000001
3038.6089000000024
3037.816799999998
3040.0155
3037.9511999999972
3039.5223999999976
3039.836000000002
3039.3664999999974
3038.5195999999996
3040.935699999999
3039.1260999999986
3041.280099999998
3042.5402999999988
3039.3271000000036
3041.033
3042.4210999999996
3041.135100000009
3045.2319999999995
3043.1936000000023
3043.1031
3043.154900000005
3044.0005999999976
3045.237400000005
3045.0163
3046.8436000000042
3044.083100000003
3045.3139999999958
3046.460900000004
3045.4934
3048.029299999999
3044.2491999999943
3046.1600000000003
3047.4455000000003
3044.0148000000036
3045.4254000000005
3043.3818
3043.2371000000016
3043.411700000001
3045.381000000006
3043.195400000005
3043.6786000000016
3042.2976000000026
3043.348099999998
3042.9006000000018
3044.6576999999947
3044.5381999999995
3043.0699000000004
3042.1252000000013
3044.546200000007
3045.112999999996
3043.1285000000016
3043.379500000001
3042.2333
3045.377700000001
3043.7553999999986
3043.0668999999984
3045.3745999999974
3043.4025999999985
3043.7621
3044.4204000000004
3043.249099999999
3042.8452999999968
3043.7181999999984
3043.638400000002
3044.7252999999955
3043.577399999996
3042.190299999998
3044.5624000000025
3042.4305000000004
3043.187599999998
3043.295400000001
3045.8166000000024
3044.794500000001
3044.669199999996
3045.504200000003
3045.311899999998
3046.031800000001
3048.7115000000003
3048.5110999999956
3047.784000000001
3048.6723000000006
3048.028300000002
3047.5016000000005
3049.9808000000003
3049.5175000000017
3049.1720000000005
3049.318199999994
3049.6977999999963
3049.2367000000013
3049.575199999997
3049.624899999999
3050.275400000004
3050.1499999999987
3050.762100000002
3051.0763000000047
3051.113899999997
3051.4794999999986
3051.230500000003
3051.5164
3051.2599000000005
3048.6953
3052.9231999999956
3052.570900000002
3053.4913999999967
3052.921700000002
3053.339199999997
3053.413399999999
3052.9627999999984
3054.5654999999997
3054.6995999999986
3054.1110999999937
3053.9869000000026
3052.7137999999977
3055.4073000000008
3056.248500000002
3056.7779000000005
3058.1470999999947
3055.821400000002
3054.876200000003
3058.316400000001
3056.4634000000055
3056.8039999999983
3057.147799999999
3058.5823999999966
3056.8224999999975
3061.325099999996
3061.608299999995
3061.5436999999984
3060.1673000000055
3060.6592000000005
3060.6531000000004
3062.019699999998
3062.3897000000015
3063.0318000000034
3062.0386000000003
3062.8965999999996
3061.4468999999995
3067.374600000005
3065.2822999999953
3063.080799999995
3063.1314999999945
3062.550899999997
3065.3109
3064.3704999999973
3065.7119000000007
3067.2984000000006
3066.0502000000024
3062.857000000001
3066.232500000004
3066.4999999999973
3064.361300000001
3067.5864000000006
3067.3422999999993
3066.9340999999986
3066.633700000002
3067.9890000000023
3066.458900000001
3067.255000000004
3067.5197999999987
3067.8758000000007
3066.9290000000024
3066.4415000000013
3067.7058
3067.582899999997
3065.2588999999984
3067.843500000004
3064.5232999999967
3068.9891000000043
3066.8985
3067.183500000001
3066.0484000000006
3068.7604000000015
3066.731699999994
3067.148300000003
3065.614099999997
3067.782200000003
3067.2376999999988
3067.417499999998
3068.057099999994
3067.2578
3066.5678000000025
3065.2164999999995
3066.373199999997
3065.7789000000002
3066.311199999995
3064.4849999999997
3061.219300000007
3063.1361
3065.404799999998
3059.908199999999
3063.5898000000007
3060.8734999999983
3062.392400000003
3061.748400000002
3060.1529000000014
3059.1817000000033
3059.033999999995
3061.399299999996
3056.3465000000015
3059.598400000004
3056.9133
3059.4273999999964
3060.110899999999
3056.0848999999953
3062.4085000000023
3058.5853000000034
3057.7041000000045
3062.570699999999
3054.779200000003
3058.926399999996
3062.1787
3058.509599999998
3058.5121999999988
3058.1857999999993
3057.1049
3061.0876999999996
3061.4519999999975
3060.5611000000035
3062.299100000003
3062.267899999997
3058.9386999999942
3065.385399999996
3060.7586999999994
3067.2307999999985
3064.039700000001
3061.3192999999997
3061.6096000000034
3065.975999999997
3064.190300000003
3065.7503999999994
3064.823400000003
3066.4939999999992
3069.106299999997
3068.532600000003
3065.9700999999995
3069.523199999999
3066.6394999999975
3066.2667
3065.8872000000006
3067.445400000001
3065.5812000000037
3065.4688000000033
3068.087599999999
3065.8762999999985
3066.526000000002
3066.5851999999977
3068.289599999998
3068.6895000000013
3068.575300000003
3066.4169999999986
3068.165299999998
3067.5298000000007
3067.3563999999997
3067.3025000000043
3068.072400000003
3067.1326999999974
3068.990800000002
3071.025800000001
3070.2287000000006
3069.9004000000023
3070.4069
3068.962199999999
3068.631899999997
3068.2743
3068.526099999999
3068.9321999999975
3071.101100000006
3068.979900000003
3069.0983000000006
3067.125499999995
3067.2209000000025
3067.0971000000022
3069.0789999999993
3067.0152000000035
3068.6450999999997
3068.000900000001
3064.6276000000043
3066.4929000000043
3064.980900000005
3065.322599999999
3067.5923
3065.662100000006
3070.0857
3069.6548000000003
3068.8067000000037
3067.3256000000015
3066.2880999999993
3062.9193999999966
3065.724499999999
3064.149799999998
3064.4938000000006
3064.412400000001
3064.211200000006
3061.0370000000044
3063.3479000000048
3065.8984000000005
3061.8405
3061.053300000004
3061.414600000005
3061.455900000006
3057.869999999996
3059.3889000000017
3057.8342999999977
3058.7277000000013
3061.433799999996
3059.626100000002
3055.336700000002
3053.2831000000015
3055.2328000000016
3058.8668999999973
3053.401899999999
3053.1556000000037
3055.7547999999965
3052.605099999998
3059.1719000000044
3050.2383999999993
3052.254199999997
3052.5457999999967
3058.681499999999
3052.8819999999996
3058.143200000005
3052.9089000000035
3053.986800000005
3052.082500000003
3051.3752999999974
3054.5024
3054.157499999998
3050.573500000001
3051.6607000000013
3046.7028999999975
3049.5881999999983
3051.1946999999986
3050.7143000000033
3046.2175999999995
3046.145599999999
3042.7562999999946
3042.640599999999
3042.4185999999995
3041.4602999999997
3042.995900000004
3042.3687999999984
3041.4256000000028
3040.2921000000047
3040.1386000000034
3038.9649999999983
3040.1816000000044
3039.875600000004
3039.211700000008
3037.5986000000016
3037.935300000003
3041.227100000001
3039.3723000000014
3040.4448999999963
3038.388000000005
3041.008300000003
3040.7070999999974
3040.140799999998
3039.2583000000004
3040.5691999999976
3039.5326999999984
3040.5214999999957
3038.7329999999997
3038.2043000000053
3042.0139999999983
3038.3371999999995
3035.4970999999955
3037.6354000000006
3034.6814999999992
3032.442199999997
3035.2734999999975
3036.0237999999977
3032.591000000007
3030.1680000000015
3033.8736000000026
3031.7336999999934
3030.058300000001
3030.4062
3028.803599999998
3028.4781999999996
3030.480000000003
3029.408000000004
3030.3311999999996
3028.6505000000043
3027.299600000004
3027.8472000000024
3028.4116000000017
3031.805599999999
3028.5174000000006
3031.0512000000003
3033.2153999999996
3032.033999999998
3029.8537000000024
3029.3743999999992
3032.1982000000044
3030.568199999995
3032.8222
3031.6882999999984
3030.4336000000003
3030.850600000004
3030.074499999997
3031.744100000001
3033.2655000000013
3034.024500000005
3034.8560999999945
3033.992799999998
3033.819400000002
3034.726099999999
3039.666900000001
3038.7215999999935
3038.120400000006
3037.6190999999985
3040.068600000005
3038.140699999999
3037.3710999999994
3037.000600000005
3035.1652999999965
3035.2504999999956
3035.547699999997
3037.6767999999934
3037.9026000000044
3037.430299999998
3037.1456999999996
3037.3692000000005
3037.476700000002
3037.6783
3037.532699999993
3036.2825000000016
3036.9036999999994
3038.5827999999983
3037.9703000000013
3036.680799999999
3036.7323999999962
3038.6318999999967
3037.5710999999988
3038.887799999999
3036.479899999999
3037.6773999999996
3039.466499999998
3037.471100000002
3037.5580999999984
3037.541
3037.7369000000017
3038.0293
3040.5445000000022
3041.1983
3042.0040000000026
3041.4096999999983
3040.3603999999996
3040.594899999995
3044.3957
3043.3352000000004
3044.5978000000023
3044.1167999999975
3042.965900000004
3044.048800000001
3044.662799999997
3046.221199999999
3044.647900000001
3045.5326999999993
3044.2574000000027
3044.1051999999972
3043.923299999998
3043.300600000002
3044.5928999999974
3043.959600000002
3042.0151000000023
3044.174100000001
3040.9596999999985
3041.277699999997
3040.2441000000013
3041.084299999999
3042.1060999999995
3040.3727000000003
3037.9732999999997
3039.0769000000023
3038.368899999999
3038.1026000000043
3039.2807
3038.5490999999965
3033.8862999999988
3036.0691000000006
3033.334900000001
3035.428299999998
3033.0136999999986
3035.286699999997
3028.697700000007
3030.5163000000025
3029.762200000001
3031.245900000003
3031.387799999999
3030.3450000000034
