2792.6993000000016
2706.705999999992
2670.113499999998
2834.3563000000013
2597.1236000000004
2681.3580999999986
2670.3850000000025
2788.628600000003
2797.827699999999
2609.281799999999
2566.7896999999966
2554.862800000002
2204.7895999999987
2041.0494999999996
2159.1760999999983
1647.4691999999993
1546.7896999999984
931.8437999999996
1618.928300000003
1917.0213000000012
1921.9522
1754.5317000000002
1943.4550000000006
2088.686300000001
2235.950699999995
2461.6058000000003
1662.7790000000016
2210.2856000000006
2098.224099999997
1025.1318999999999
1580.8464999999974
1823.3552000000009
2596.807699999999
2164.601500000002
2679.4479000000006
2420.5215000000026
2653.1770999999994
2425.813099999996
2581.8109999999992
1953.8368000000014
2148.7865000000024
2092.746099999998
2122.517999999999
396.58410000000015
333.4045999999999
2302.2043999999987
2112.3019000000018
2470.8730999999975
2533.1669999999986
2554.711599999996
2499.296799999997
2312.597099999996
1582.3709000000008
1318.162799999999
2558.438399999995
2192.4046999999982
2611.6663999999982
2241.0078000000017
1324.2015000000001
2191.024400000001
2274.1478999999995
1142.2489999999998
2174.460899999997
1916.088499999999
2092.170299999999
1093.1110000000017
2191.9586999999983
1728.643399999999
599.2079999999999
1348.091
854.8859999999994
887.0705000000008
1708.5169000000008
620.5806000000006
515.1148999999999
1367.1789999999987
457.77889999999996
1893.1427000000003
1858.7475999999979
1640.6763999999998
1943.0463999999988
1806.5579000000002
758.7387999999994
1921.5648999999987
1554.3140999999996
1870.6461000000015
1893.5003999999997
2167.0984999999987
1999.8878999999986
1880.1802000000012
2094.8069999999993
1769.7912000000008
1934.9336999999994
1801.0665000000015
483.98010000000005
1976.5649999999987
2044.8702000000003
2001.6558999999986
2055.8752999999997
1998.8862999999988
2151.255200000002
1895.9433000000006
1927.9296999999992
1866.349099999999
1930.966200000003
1085.3764000000006
1513.4972
1935.903399999999
1468.803200000001
2189.2747999999997
1938.117299999997
1912.6093
1921.3601
1498.2991000000013
1940.0367000000008
247.0692999999999
220.59810000000002
215.1986
228.16289999999992
240.68429999999995
236.77060000000003
240.78770000000003
250.81249999999991
216.74980000000014
964.8893999999993
242.09179999999995
275.4849000000001
243.15470000000002
213.33130000000008
242.64700000000002
245.99640000000014
204.95089999999996
252.16019999999995
1229.386200000001
490.0047
253.61469999999994
243.9672
240.07410000000007
245.2915
255.9404
260.8924000000002
247.12020000000015
254.9851999999999
331.5410999999997
248.6108000000001
246.39749999999995
211.90240000000003
245.84779999999998
207.45470000000006
251.22770000000006
216.00129999999996
629.1580999999992
215.90939999999986
246.3973
248.48829999999998
243.78180000000006
244.79150000000013
210.19809999999998
246.6900999999998
278.1773000000001
245.72949999999992
274.52810000000005
244.77519999999984
332.57949999999994
242.37620000000004
255.8678000000001
262.95809999999994
207.80700000000002
252.28259999999986
215.64239999999998
262.49660000000017
250.5561000000001
241.5752999999999
250.88449999999995
245.535
208.89110000000014
246.6828
242.37519999999998
269.48250000000013
303.9863999999999
264.57009999999985
255.66719999999995
208.44659999999996
251.24740000000006
1332.3094000000006
257.2725000000001
240.1274999999999
243.07940000000005
259.69580000000013
247.35910000000004
581.1443999999997
252.29849999999988
216.3594
510.1538000000003
246.61249999999984
218.907
210.2389000000001
1365.6185999999998
532.8910999999999
1989.408
1763.4502999999984
1819.5014000000008
1723.4147
609.1364000000002
560.0190000000005
341.86579999999987
1976.0726000000009
1972.5804000000007
1734.9320000000037
586.1257000000003
572.6393999999995
1797.9756999999986
1475.9367999999988
1886.6874999999995
563.5767999999997
553.8225000000004
1935.7451000000017
553.9120000000005
548.4615999999997
1704.0707999999993
1876.6296
569.5453999999995
352.57769999999994
344.5333000000002
1785.8806000000006
1750.3856000000012
258.10230000000007
347.0578
291.4592000000002
303.8807999999998
306.76570000000027
247.515
226.0882
269.3055000000001
246.06980000000013
349.60510000000033
211.56610000000006
251.9345
320.1278999999999
285.6115
299.6055
308.2865
288.78720000000004
283.0087
325.36359999999996
299.1308
304.3644
302.1444
306.6245000000001
297.3749000000002
304.88500000000016
296.2116999999999
298.42130000000003
297.193
288.47400000000005
278.74719999999985
318.73899999999986
301.02119999999996
297.29190000000006
287.5187
300.8307000000002
298.75119999999987
309.47700000000015
310.6739000000001
262.8484
288.8838999999998
280.1123
316.13670000000013
302.17830000000015
306.8909
297.1673000000001
293.1061000000002
297.1455
307.0894
302.80430000000007
341.79840000000024
284.92539999999997
294.26860000000005
316.26929999999993
287.16350000000006
308.2796999999999
297.9278000000001
337.7720999999999
300.6444000000001
314.4231
328.67049999999983
299.68429999999995
291.55749999999995
310.3397000000002
290.09370000000007
283.1159
303.5739999999999
293.8855000000001
324.28639999999996
248.46579999999994
293.88939999999974
298.673
306.5938999999999
313.9106
263.8147
301.68109999999996
317.1492
289.47249999999997
302.5288000000001
300.4017999999999
297.0888000000002
308.4971
281.8144000000001
290.01229999999987
306.7918999999998
293.07489999999973
304.0792999999999
321.6983999999998
296.46789999999993
304.1249
261.344
308.7051000000001
269.71190000000007
367.5060000000001
292.0584999999999
275.33330000000007
292.67060000000015
291.2043000000001
302.9869999999999
306.1996
288.66810000000027
309.2999000000002
312.10109999999986
308.6183000000001
300.3495000000001
321.40400000000005
297.45609999999994
302.62440000000004
301.45439999999996
318.4754
286.74170000000004
272.40569999999997
303.29330000000004
308.54759999999993
255.63349999999997
265.9604000000001
298.17499999999995
297.8481999999998
285.89619999999996
296.20849999999984
296.3135000000001
306.1248999999999
323.4593
327.2617
290.0969000000001
292.2877000000001
303.16169999999977
295.8914999999999
256.46090000000004
287.55209999999994
294.6912
291.90880000000004
308.2429999999998
262.7325
286.1823
295.1128
263.85140000000007
309.15430000000015
301.90160000000003
314.5626999999999
274.8146000000001
305.3294000000002
268.3507000000001
314.58609999999976
315.93399999999997
296.9687
304.05300000000005
304.9157999999998
327.68629999999996
265.9538999999999
272.56570000000005
315.8722
318.47299999999996
279.48360000000014
300.88290000000006
266.74179999999996
304.64879999999977
313.4941000000002
299.00120000000004
261.2662000000001
264.45660000000004
303.43489999999997
316.2206000000001
212.14240000000004
212.4762
219.2366
205.6644000000001
214.27989999999997
210.86780000000007
215.85320000000007
209.94680000000002
216.8501
206.44760000000008
219.6797999999998
207.85440000000006
207.57700000000006
213.50600000000003
217.54529999999988
207.99590000000006
214.79229999999998
211.51680000000002
214.1646000000001
209.9749
208.94989999999999
206.81510000000006
209.25339999999994
214.7241999999999
209.9917
215.43639999999988
208.63459999999998
204.18679999999995
217.10140000000007
213.2956999999999
218.5743
209.55539999999996
217.2923
212.57070000000004
217.40519999999998
214.5522
211.17079999999996
212.3629
211.15160000000003
217.63930000000005
210.5398
215.34459999999999
219.41209999999998
206.90939999999995
211.19470000000004
207.84230000000005
207.88160000000002
214.51910000000007
220.8337
208.34360000000004
216.14509999999993
207.77729999999994
204.85800000000006
212.29319999999996
215.63770000000002
206.24120000000002
212.93480000000002
215.0033
212.57359999999997
203.713
211.6327999999999
209.2878
214.12759999999994
210.13540000000003
213.24509999999992
212.46870000000004
217.70419999999996
209.43840000000003
214.4980999999999
216.60150000000002
217.90410000000006
213.06640000000004
214.7269000000001
211.53239999999997
213.24710000000005
211.61890000000014
208.08969999999997
217.8914
218.98569999999992
208.7992
214.47719999999993
215.83440000000007
207.25240000000005
223.22320000000002
204.4236000000001
216.00650000000002
227.77460000000002
214.02670000000003
212.75470000000007
213.55160000000006
206.4543
213.6215
215.0619
216.38990000000004
210.16600000000003
217.45750000000007
219.46450000000004
219.70490000000004
217.58149999999995
426.80559999999997
218.37230000000005
208.4628
221.92050000000003
213.46839999999992
222.6807
208.5289
210.51100000000002
209.35779999999997
202.94210000000007
216.43050000000002
201.9462999999999
214.47140000000007
210.79030000000003
212.7315000000001
209.3754
215.26080000000005
209.77770000000004
202.93099999999998
210.31540000000004
203.73240000000004
203.36810000000003
200.86249999999995
197.9977000000001
953.3059999999996
615.2491000000002
450.4147999999999
1145.8501000000006
941.3167999999995
959.3402
1360.723700000001
1700.2447000000013
776.9213
2217.631600000004
807.0536000000005
291.80909999999983
353.2334000000001
619.2043000000002
659.2993
1840.1478999999995
377.8053999999997
376.5322999999999
378.3469999999999
1485.399700000001
385.39750000000004
269.8889
183.43599999999995
195.17409999999998
187.04909999999995
174.74119999999996
200.87819999999994
181.80610000000004
181.82240000000002
183.91350000000003
189.00089999999994
179.43599999999995
178.81519999999998
175.96750000000006
187.60879999999997
179.5143
185.19360000000003
205.46660000000008
182.43640000000008
181.9902000000001
190.23660000000004
241.26839999999999
271.24159999999995
184.25060000000005
180.0151999999999
176.17869999999996
175.61249999999998
177.83560000000003
168.65849999999998
189.2284999999999
198.8624000000001
189.75430000000003
230.34679999999994
345.99519999999995
348.4101000000001
340.78270000000003
317.08949999999993
349.6519000000001
306.94010000000003
359.26489999999995
365.6663000000001
359.29959999999994
381.55190000000005
357.17650000000003
375.2615999999999
377.41700000000003
394.7912
410.57710000000014
377.9454999999999
363.55159999999995
382.6352999999999
366.49400000000014
381.63649999999996
413.3974
380.4808000000003
361.9849999999997
394.1670999999998
367.6824000000001
383.8991
374.8925999999998
377.7756000000003
367.61060000000026
378.3546000000002
368.2076
375.8234000000002
381.3459000000001
392.42549999999966
378.72429999999997
504.2476999999999
376.2499999999999
383.49709999999993
373.7543000000002
421.4366999999998
371.5583000000001
410.86109999999957
376.09579999999977
366.2829999999999
446.8222999999999
385.89570000000003
369.0339999999999
396.4747000000001
369.33920000000023
395.6516000000001
368.06960000000015
423.19879999999984
374.65780000000007
376.0500000000002
368.9599999999999
379.5881999999999
353.5774999999998
383.2603
389.05269999999973
372.4888000000002
370.36020000000025
393.17029999999977
389.01910000000044
368.3598999999999
371.3000000000001
363.3861000000001
372.4170000000001
477.0102000000001
398.7471999999995
380.8789000000001
368.6842000000001
372.06370000000027
730.9717000000004
1064.9745
741.9270999999995
2356.6681999999987
2416.6476000000007
461.5644000000002
965.4916999999996
1901.930299999999
1880.3921000000005
2056.730599999998
1992.4728000000011
1893.0233999999984
1948.2514999999994
1994.5142999999998
1934.122499999998
2176.6439000000005
2015.3471
2047.1265999999987
1823.2116999999964
2318.9836999999998
2247.972100000001
2408.2441000000035
1840.9564999999986
2344.705799999995
2536.337699999997
2129.0580999999984
2077.0611
2194.024699999998
2210.056099999998
2555.327900000002
2542.382899999999
2195.1853000000006
2149.792500000003
2176.678399999998
2514.6953999999964
2745.0604000000008
2228.8928
2175.6322000000014
2232.7209000000025
2618.1135999999997
2204.6256
173.1534
190.78560000000002
184.17019999999997
188.63749999999993
189.57339999999996
177.49149999999995
185.37810000000002
182.4274000000001
184.3307
181.85369999999998
192.3188000000001
191.15009999999995
201.45170000000007
194.3302
438.43989999999985
2217.2774999999997
171.58880000000002
175.19690000000006
180.8003999999999
170.16270000000003
181.01749999999996
187.33530000000002
176.51
176.2563
177.36670000000004
176.34250000000003
2372.335899999994
399.2615999999998
1967.6156999999996
2181.5853
185.6938
167.97289999999995
179.46590000000006
165.30600000000007
174.6719
170.2385999999999
188.18749999999994
183.32289999999995
178.1508000000001
195.66050000000007
197.53409999999994
402.39379999999977
2274.978599999998
154.42440000000002
211.69439999999992
174.18499999999995
177.59419999999994
182.37179999999995
190.28979999999999
178.0898
182.40760000000012
178.90649999999997
178.98369999999994
202.7104
186.31630000000004
187.5354
182.82369999999995
176.6915
181.11299999999997
191.3430000000001
177.72129999999999
189.3358000000001
187.05860000000007
174.84890000000001
189.8783
178.25799999999992
189.88369999999998
455.77979999999985
2379.8267000000005
172.6668
2254.4825999999953
193.00880000000012
186.2227
184.66590000000002
184.40610000000004
174.69029999999998
179.71720000000002
179.89770000000004
180.83520000000004
184.4201
177.9388
183.59230000000002
175.24060000000003
2181.526200000001
2319.6138
174.6367999999999
174.41049999999998
174.57300000000006
455.3130000000002
171.47979999999998
181.1567999999999
180.20360000000002
178.15510000000003
182.5809
176.25909999999996
191.2636000000001
184.31539999999998
235.14010000000005
2358.8953000000006
2524.0988999999945
2055.170399999999
2341.7686999999987
2173.0778999999998
487.9309999999997
2482.6916000000006
2653.8396000000007
2727.245099999996
2676.2894000000033
2790.1257
2709.569099999999
2684.457299999999
2700.483699999995
2702.842800000001
2740.2730000000056
2769.3748000000032
2376.1911999999998
2582.952500000002
2561.381699999999
2566.123899999997
2789.6601000000005
2809.8818000000047
2706.266500000001
2785.441500000002
2769.350999999997
2831.210200000004
1645.6501000000005
2537.090899999996
2391.1256000000003
1623.9439999999963
2392.763099999999
2611.8301000000015
2657.5204000000003
2821.9918000000016
2162.2041000000027
2217.6625000000013
2024.6757999999993
2237.169100000002
645.2951999999993
2511.478700000004
2071.766599999997
2032.8452
2125.2296000000015
2052.4817000000003
2034.8617999999983
1966.3422999999984
1960.926800000001
2090.338799999997
1939.4623000000008
2109.631699999999
2074.7877999999946
2086.0352000000016
2078.010699999999
2082.0363999999995
2005.9836000000012
2153.8496
2093.974599999998
2040.1637999999984
1932.0379000000003
2133.007399999999
2004.8346999999987
2013.8642
2026.9073999999987
1957.8285999999998
2051.927499999998
1986.510100000001
2089.688999999999
2103.5206
2200.4112000000064
2133.7212000000013
2215.032699999997
2193.9030999999995
2107.385599999998
2166.8399999999974
1840.2701
2061.565700000001
1996.637499999995
1924.8651999999984
1957.6785999999984
1963.0575000000001
1963.567000000002
2054.2203999999997
2033.8323000000016
2019.1028000000001
1993.1129
1985.4374999999973
2091.679500000001
2137.422300000002
2115.6474000000017
2095.9099999999994
1997.3181999999997
2007.2878999999996
2079.4020000000014
1944.8044000000043
2144.1941000000006
2115.3953000000006
2000.2368
1938.9060999999992
1980.5303999999999
1940.9176999999988
2085.3282000000017
1917.373499999999
1947.8035999999984
2063.898599999999
1977.986099999998
2130.9911999999995
2047.5673999999997
2024.8272999999986
2081.4241999999995
2087.420000000001
2225.7399
2140.439100000002
2064.5385999999985
2078.1489999999976
2144.5305000000003
2141.4142000000006
2141.1255000000024
2125.1609999999973
2116.2665000000015
2175.835699999998
2190.572799999999
2219.877300000002
2153.7670999999996
1958.6607999999972
2127.343
2162.3840000000023
2028.6028999999983
2094.005400000004
2275.6526000000026
2267.000699999998
2278.845099999998
2187.1430000000023
1947.2425000000012
2232.5631999999955
2159.5141999999955
2259.1084999999975
2079.047599999996
2190.3694999999966
2202.3010999999983
2249.2114000000033
2235.6970999999994
2199.596899999999
2214.827300000001
2059.2260000000015
2220.3963000000053
2171.274300000001
2200.9015
1998.1854000000008
1964.0351999999993
2115.1517000000026
2133.9584999999993
1987.3614999999982
1931.4915
2208.3478999999984
1996.3718000000003
2111.2230000000013
2086.0819000000006
2226.1365000000033
2114.0866999999985
2098.818899999999
2138.763800000002
1970.5164999999986
2087.836500000002
2136.799
2048.224099999997
2173.2245999999977
2035.7103999999988
1947.4121999999973
2099.847099999996
2039.245000000001
2041.9825999999973
2092.9279000000006
2077.127500000002
2042.0012000000015
2059.4307000000017
1863.157100000001
2141.5248999999985
1822.686399999998
2131.0030999999967
2131.8752999999997
1979.8749999999966
1934.012700000001
1623.8979000000022
2035.8500999999997
1887.8256000000015
2163.2452000000008
2170.032800000003
2197.991199999999
2157.7984000000006
1967.7175000000018
2096.6727
2177.3222999999984
1857.2026000000012
2050.2115000000003
1877.9410000000025
2107.0074999999983
2174.6439000000023
2123.3173999999995
1944.0027000000023
1995.8105000000007
2063.3226999999997
1905.933100000003
1745.1765999999982
2162.703199999997
2173.784900000001
1919.5748000000015
1820.262800000001
2190.3547000000017
2177.338499999996
2015.2476999999994
1755.6923000000031
2202.849200000002
2003.3903999999982
2194.994799999998
2311.2066999999997
2006.4612999999988
2265.3812999999955
1846.4100000000026
1972.9902000000013
1973.4892000000007
1771.3261999999988
1943.7485000000004
2117.518299999997
1980.5077000000026
2169.598299999999
2001.6716000000015
2166.271399999998
2182.1810000000014
1887.4542000000004
2244.9446999999986
1978.7727999999988
2107.7722000000026
2040.348200000002
2171.4628999999964
2088.5156
1921.6983
2095.134000000001
2120.3422999999984
2042.8078999999989
2192.3803000000016
2049.9059999999954
1990.6765000000003
1994.0920999999962
1976.8422000000032
2086.372099999999
1800.3439000000003
2259.051999999997
2291.3562999999995
1984.7233000000006
2139.6780999999987
2309.5042000000044
2202.418300000002
1888.9551
1997.2078999999983
2151.436899999997
2103.5014000000047
2112.3286999999987
2688.229899999997
2791.7991000000006
2783.9412000000007
2777.596500000002
2674.724800000004
2690.5698000000007
2800.2903
2570.3089999999993
2648.5672999999974
2779.040900000001
2159.2150999999963
2059.232199999999
2312.956100000001
2537.0239000000033
2578.8097000000007
2541.426000000001
2192.2586999999976
2260.9537000000028
2026.0453999999997
2084.856899999999
2149.424199999999
2131.6487000000016
627.6040000000002
713.9105000000013
746.9757999999998
450.7864000000001
442.9752000000001
438.1723
705.1756000000004
685.4243000000001
1330.472599999999
239.10329999999985
486.83939999999984
1858.2351000000003
2287.4261000000033
2929.514100000003
2679.8256000000006
2010.5146999999997
1682.2300000000025
2170.3367999999987
2073.5819000000015
764.9883000000008
2124.577600000001
2197.3543999999974
795.4919999999996
1865.5743000000025
813.4068999999992
2011.8584999999987
2134.1893000000036
2109.3454000000006
2054.8380999999995
1911.8963000000008
2228.3373999999976
2075.2590000000005
2078.544999999999
2138.9067999999997
2029.4673999999986
2005.7281000000005
2069.3072
782.5514000000005
1807.3498000000018
2167.2297999999987
2120.856500000003
1943.4634000000017
2045.5071000000003
2053.038099999999
1368.8299000000034
660.530800000001
2101.220100000002
1928.375799999997
2030.4399999999991
2097.6796999999974
1960.8004999999973
2006.1159000000032
2282.188200000003
2294.6048
2291.4945000000007
2070.1111
723.4923999999997
2242.218499999998
2315.2397999999966
1141.2004999999997
993.7407000000001
1945.9763999999986
2242.0679
2162.271700000002
2216.448099999996
2312.547200000002
2180.3577999999966
1984.6471999999994
1970.1607000000006
2295.2307999999994
2295.4507999999964
2188.0065
2060.7343
2213.1598000000017
2195.7223999999987
2271.4772000000016
2284.402
2259.2423000000013
2358.766599999998
2322.024200000001
2158.0908
741.4554999999991
2191.3207999999963
2201.236999999996
2057.6397999999995
2003.245399999997
1998.0333000000007
2324.7133999999974
2374.4633
2382.5561999999973
2164.8913000000025
2139.2148999999986
2203.738300000001
2107.947999999999
2208.3400000000006
1916.2142000000006
2347.2221
2164.916599999998
2347.648900000001
2355.4977999999974
2356.476900000001
2304.996900000002
2304.8213999999984
2188.4537
2362.364099999998
2611.2298000000033
2581.8381999999992
2570.320299999998
2269.2780000000002
2207.7869999999975
2517.803400000001
2361.749099999999
2635.1769000000045
2426.457700000002
2126.318699999999
2376.0053000000003
2537.359600000003
2174.4035000000013
2068.1593000000003
2415.9132999999983
2135.8188000000014
2478.498500000004
2674.431799999998
2606.309000000002
2665.2605000000035
2764.1475000000014
2745.8030000000012
2438.328399999997
2305.365100000003
2422.0989000000013
2543.6853999999976
2050.9741000000013
2573.9282000000003
2320.5166
1761.3001999999992
2551.5547999999976
2484.153900000002
2152.481699999997
2219.049200000003
1964.9141000000013
1982.3255000000015
1934.5915999999993
2024.183100000001
1971.5035
2436.6859000000013
490.9689000000001
2387.4484000000007
2250.7426
2046.845300000001
1927.3588000000009
664.7925000000002
1083.7248999999993
1963.7923999999969
2035.2800999999993
1050.2829000000002
907.5074999999998
1886.5674
790.5960000000003
1936.922099999999
2071.9310000000014
2075.8039999999996
2013.234599999999
2099.9174000000003
2142.703700000002
1966.5272
1933.6491000000028
1074.3552999999995
1069.7380000000003
2210.145000000001
2268.2457999999997
1887.0657
2139.9925999999987
2187.5007999999993
2203.2594
2138.5204
2141.4214000000015
2301.5933999999993
2280.297200000002
2260.4474999999966
2154.9213999999997
2185.2876000000006
1974.6018000000013
2211.1412999999984
1974.8523999999975
2245.2900999999974
2023.373200000003
2174.8964000000014
1892.2418000000014
2038.8549000000003
2188.9616000000015
2353.7361999999985
2349.5510999999997
2323.415200000002
2279.0002999999992
2282.4105000000004
868.3709000000003
1011.9989000000004
901.6819999999999
2021.2271999999994
2314.2957000000006
2460.8249
2301.8004999999994
2408.4298999999996
1050.5917000000004
2466.0517999999993
2484.192200000002
1261.8523999999993
900.3826
2164.2427000000016
880.1587999999997
1370.8014999999987
1691.1513999999993
796.0937000000002
753.6405000000001
2115.9948999999974
1285.0931999999996
840.4482999999996
873.9214000000001
1666.4596000000004
1962.4810999999997
825.8973999999993
1029.6891999999991
2075.5466
1944.3129999999978
854.1513000000003
887.8312000000001
2014.1387000000016
2060.385500000001
854.7147999999997
835.0722000000003
1653.0416000000016
882.1414999999996
862.2068000000005
865.9228000000006
832.6213000000001
820.2959000000003
1917.5330000000015
2043.532100000003
2035.4665999999984
1022.9956000000004
2027.878599999998
2203.6974
2359.8613999999984
2274.4444999999973
2271.361799999998
2371.5922000000014
2267.3877000000007
2353.543800000003
2215.6470999999974
2271.2795999999994
2314.9118000000017
2256.2164
2302.3222000000023
2172.3631999999993
2284.524200000003
2243.4918000000025
2218.7068999999997
2319.6035000000034
2442.373700000002
2421.2489000000032
2414.0112999999974
2779.3213999999984
2712.9395000000013
2760.5894
2798.527100000003
2604.7815000000005
2697.2031
2808.9909999999977
2842.057999999999
2718.9382000000005
2681.9528999999984
3433.5940999999953
3508.369800000005
3543.6370999999936
3491.3226999999997
3217.8989999999976
3174.442500000006
2548.5903999999946
2598.514800000006
2563.4266999999986
2718.755600000001
2617.8578000000075
2637.1971999999987
2682.5517000000027
2578.2380000000035
2629.2762999999995
2660.573699999997
3191.347499999999
3187.2097000000035
3191.8959999999984
3123.854099999998
3173.795500000002
3224.7991
3168.3612000000035
3158.738500000003
3240.2408000000023
3211.230300000002
3225.6424999999977
3090.2489999999993
3252.6217000000033
3205.8814000000007
3156.2474000000016
3202.2347999999997
3210.0330999999987
3178.001400000007
3253.1757999999977
3331.2643999999973
3251.440099999996
3372.822499999996
3372.682999999999
3405.4304000000006
3417.1307000000043
3464.589899999998
3414.7299000000035
3458.7644999999998
3481.4074999999993
3365.181300000001
3395.973399999996
3364.776400000002
2830.4912000000027
2915.041200000001
2959.4841
2864.7643000000007
2958.237699999998
2985.438200000002
3213.125299999995
2889.3925999999988
2749.821999999998
289.3037000000001
314.99089999999995
286.6942
297.45149999999995
292.8065
290.38090000000005
284.4761
342.93119999999993
335.25490000000025
324.3501000000001
2879.1358000000005
295.0767000000001
239.27429999999998
242.79899999999992
288.6911
280.44249999999994
256.2982999999999
263.3832
249.24260000000004
232.82290000000017
222.83009999999993
252.12020000000007
230.44319999999996
255.69790000000003
3184.3734000000027
3097.3405000000034
3138.1081999999983
3055.1470999999956
2875.9735000000037
2482.5850999999984
2493.757900000001
2524.3896999999993
2769.088500000003
2610.381400000003
2252.4650000000024
2329.4514000000026
2297.184
2277.878499999993
2264.706900000002
2308.1526999999987
2296.9007999999985
2326.6356000000014
2287.1792000000005
2295.6284000000005
2275.2741000000005
2245.972699999999
2234.2770999999984
2067.9249999999997
1971.329800000001
1907.0956
2211.9312999999997
2149.662599999999
318.15850000000006
2092.190899999999
256.45149999999995
338.25109999999995
307.40100000000007
577.8943999999999
2787.8925
2790.0518000000034
2796.1814000000045
3016.4648000000066
3112.239300000002
2759.1582999999982
1587.3900000000012
2701.413700000004
2321.1803
2279.442600000004
2348.4458999999993
2303.487399999995
2326.2484999999965
2348.2165999999957
2462.113599999995
284.0057
315.2157
329.2759999999999
321.18059999999974
312.24679999999995
329.5404000000002
360.94289999999995
324.09979999999996
436.86350000000004
433.9285000000001
412.65099999999984
483.8099999999997
408.0653000000001
325.101
329.9809999999998
861.9042999999996
2163.8154
895.1297000000001
2363.3735000000006
2888.9867
2608.592200000001
2823.274100000004
2571.5246999999995
2543.9230999999995
2547.432100000001
2670.6299999999956
2723.7377000000033
2327.5846000000015
2201.5126999999998
2230.8113000000003
2096.8255999999988
2852.924
2854.672699999996
2833.437800000003
2923.772699999997
2223.355699999998
2292.3399
2240.682400000001
2769.9636000000014
1974.865499999999
2561.2255000000027
2520.9664000000016
2844.852999999997
2470.890699999998
2700.5347000000047
2573.7774000000004
2685.1535
2068.396999999998
2191.718099999997
2592.450100000002
2335.8659999999963
2452.932100000002
2277.7629
2298.7521999999985
3491.738799999999
3432.653400000004
3481.9446000000016
3480.3768999999998
3457.888800000001
3442.7831000000024
3417.3920999999996
3446.0613999999955
3477.1988000000006
3480.7253999999953
3450.7837000000004
3517.8711000000003
3454.5813999999978
3470.462200000004
3508.477799999999
3480.2901999999976
3448.3910000000014
3488.972299999999
2981.975799999999
3725.290800000001
3660.7350000000006
3568.469700000004
3403.806900000002
3389.725000000001
3512.9875999999963
3305.2338000000004
3372.444600000003
3603.8231000000046
3666.738400000005
3389.6248000000046
3153.7701
3444.5152000000007
3623.9800000000005
3701.646599999996
3355.300200000001
3399.8164000000033
3379.1407000000017
3084.677299999998
3563.673800000003
3349.016999999998
3348.216899999993
3348.2451000000005
3522.1910999999977
3314.482500000003
3758.8333000000025
3629.4091000000008
3767.2617000000046
3713.455600000001
3514.713699999999
3683.9294999999997
3780.8989999999967
3636.332999999995
3504.366699999998
3475.8574000000012
3678.615399999993
3663.400599999999
3636.299600000004
3625.9802999999974
3796.661799999999
3502.6472000000017
3681.9551000000006
3699.363700000002
3248.0735000000013
3479.573799999997
3683.575700000002
3615.222699999999
3642.537499999998##
3626.3606999999984
3729.084900000001
3601.362099999997
3718.235299999995
3611.2769999999987
3772.464500000004
3653.2019999999966
3688.6833000000006
3805.5668999999953
3433.7643000000003
3282.7778000000017
3723.270900000006
3108.9499000000037
3358.029799999997
3365.892800000004
3167.3231000000005
3340.5888999999993
3172.433799999999
2767.7314000000033
3041.7646000000004
3052.0196
3001.237599999999
3053.2618000000007
3059.568199999997
3074.875600000001
3053.561800000003
3759.6002999999987
3690.351000000004
2800.1377000000007
2675.0309000000043
2662.7785000000017
2581.922299999997
2766.3529999999973
2757.2938000000017
2783.8335999999954
2609.7718000000013
2690.585900000001
2675.9572999999987
444.3455000000002
217.38569999999999
213.44829999999993
217.02149999999995
222.8802
226.6655999999999
258.3319
389.6143
395.41249999999997
401.76369999999986
402.4016000000001
398.5298
480.1583999999998
382.36029999999994
339.6313999999999
331.35240000000005
371.648
358.5852
340.82480000000004
344.36820000000006
334.18389999999994
572.2659999999997
329.54650000000015
332.13750000000005
310.55330000000004
561.3898999999998
558.1279
642.3669999999997
1944.3497999999995
2209.849499999999
365.59010000000006
379.9074
386.61019999999996
371.79320000000007
376.3112000000001
372.6032999999999
424.27040000000017
487.91580000000005
488.5916999999999
405.74729999999994
519.4074000000002
407.80230000000006
410.0524000000001
350.0083
342.8325
246.5181
290.80860000000007
310.1555
386.19420000000014
305.4074
356.15120000000024
344.45330000000024
310.2061000000002
402.8406
282.77430000000015
382.6589
333.22860000000003
394.0041999999999
335.1574999999999
296.61679999999984
122.21840000000002
216.0656
243.1927000000001
227.84940000000006
226.9276999999999
225.88439999999997
213.7139999999999
241.16269999999994
231.83040000000003
345.22790000000015
482.31769999999995
425.80280000000016
362.69300000000004
295.52229999999986
321.433
303.5811
370.2936
292.5781
223.9979
314.21959999999996
297.3465000000001
271.6556
333.56379999999996
278.24009999999987
298.50350000000003
290.50579999999985
312.84760000000006
273.85670000000005
281.1684999999999
312.24909999999977
299.35429999999985
329.6414
346.25350000000026
340.98
348.0120999999999
305.5272000000002
345.38709999999975
371.35950000000014
359.4601999999999
351.6275999999999
348.96820000000014
330.8759999999999
729.9408000000003
309.1750000000001
270.5138000000002
270.43530000000004
263.48810000000003
250.9621
270.9704
255.4629
253.01940000000002
263.46849999999995
256.4817999999999
266.98210000000006
230.9266999999999
232.42289999999997
238.21930000000003
247.59550000000002
242.2027
239.65320000000003
243.28310000000008
238.34600000000003
236.0683
250.26189999999997
246.80730000000005
254.52649999999997
190.98749999999995
241.7003
255.21900000000008
237.80759999999998
241.46969999999996
246.82470000000004
234.3414
217.62010000000004
262.65629999999993
235.42679999999996
226.10379999999998
264.58849999999995
253.96579999999994
247.65169999999998
248.7257
245.55949999999999
223.41530000000003
251.95919999999995
249.63850000000005
252.6532000000001
255.53660000000008
249.0393
240.95810000000006
234.4654
256.39009999999996
249.0370000000002
226.22379999999993
250.65260000000004
240.12929999999994
228.41049999999993
235.71899999999994
230.32940000000008
209.0520000000001
229.97930000000002
213.82399999999987
233.6491000000001
233.90920000000003
240.5467000000001
229.47010000000012
231.95049999999992
228.66969999999995
248.4475
253.73299999999995
268.1593999999999
402.2070000000003
391.57510000000013
1239.801099999999
401.54780000000005
320.25350000000003
419.81120000000004
407.7638000000003
471.9225
436.7236000000003
286.12149999999997
274.1275000000001
241.67560000000006
232.37220000000008
261.9939
258.47149999999993
234.3459000000001
232.10049999999995
238.39709999999994
174.27869999999993
190.21649999999994
185.07960000000006
187.30190000000007
197.40910000000002
182.21280000000004
181.90140000000002
199.5039
201.3721
244.43129999999994
259.14430000000004
256.38030000000003
259.35269999999997
463.2808000000001
344.61379999999997
290.9189000000001
293.80049999999994
614.7415000000002
504.49279999999993
459.11409999999995
439.4314000000002
467.52590000000043
1353.5638000000013
2656.5819999999994
940.0884999999998
279.0445999999999
264.5582999999998
271.8067
242.02430000000012
242.00080000000005
247.937
258.6902999999999
243.7520000000001
254.39859999999993
245.7522
248.6033
240.54219999999992
248.0581
245.25660000000005
245.66189999999995
253.559
243.25770000000003
479.1196000000001
2776.2652000000044
2826.0203999999994
2633.600300000001
2411.051100000002
2397.5563999999995
2394.5779999999986
2396.6233999999995
2728.0360999999966
2659.8886000000007
2518.726399999998
388.7516999999999
488.2661
330.6500999999999
439.0278999999998
458.45619999999985
431.94030000000004
494.5765000000003
469.45550000000003
592.3307999999994
2276.3550000000027
487.761
481.42330000000027
486.7493
2382.413300000001
493.48200000000026
442.4522000000002
592.7673000000001
484.68140000000005
486.14520000000005
450.2449999999999
568.8194000000004
638.7012999999998
429.246
567.0471000000002
667.0264
2267.150299999998
724.0481000000003
2594.2799000000014
591.1925000000005
398.1448999999996
324.71399999999977
326.82819999999987
407.5158999999999
326.9080000000001
326.3707999999999
324.89289999999994
330.00229999999993
327.16369999999995
321.50310000000013
320.3608999999999
328.42170000000004
324.34279999999995
330.7653
471.46169999999955
314.78809999999993
331.66099999999994
325.90219999999994
319.19540000000023
327.6765000000001
323.98370000000006
317.52119999999996
328.09079999999994
327.4146999999998
2894.223300000003
331.12129999999985
327.83209999999997
330.5794
2960.280200000001
330.5746000000001
331.7875
320.4788
330.9035999999998
325.9669000000001
330.1196
329.25379999999996
338.27780000000007
329.4515999999999
325.98780000000005
330.85290000000015
331.4466
330.19169999999986
335.2584
332.9565000000001
331.06190000000015
327.3959000000001
583.2607999999998
334.9873
334.96960000000007
2657.1668000000045
335.0438000000001
363.7725
351.51700000000017
2614.4636000000005
425.0890000000001
434.38560000000007
350.94639999999987
364.16460000000023
361.49509999999987
2408.846900000001
2446.168700000001
2868.8457999999996
2911.768100000003
2976.4032000000007
3041.0178000000014
290.55640000000005
259.39949999999993
283.2851
2209.2430000000013
2297.7038000000025
2547.2864
929.0276000000006
536.3134999999999
2534.138899999997
704.6288999999992
830.9594
1173.7756999999997
519.1707999999999
330.45640000000043
312.2633
392.3217000000001
294.98369999999994
296.5301000000002
351.1772
303.39480000000003
297.4838999999999
372.6614999999999
378.2607000000001
503.56630000000007
933.4146999999998
518.8110999999999
514.0621
571.8967999999998
922.0591
985.5792999999996
573.4427000000002
1122.2359999999996
635.9951999999997
814.2117000000001
547.4949999999997
977.2316000000001
1060.6261000000013
1002.1622999999988
546.6318999999996
274.01360000000005
303.28119999999996
2423.4409000000005
497.4240000000002
368.61499999999984
2635.2935000000016
519.2271
2787.2716000000005
514.46
2600.776300000001
477.91959999999995
489.3798000000001
2367.8455999999996
463.1531999999997
657.4198999999998
2117.146
346.46020000000004
533.9523999999997
1652.1516000000022
1023.8090000000005
894.6700999999995
509.8540000000001
1074.4840000000002
2528.9493999999977
2648.1797000000006
588.0868000000005
2056.798800000002
1324.0348999999994
2429.909300000003
437.01709999999986
603.8518
407.8069999999996
809.3564000000007
324.16519999999986
331.0401
393.3250999999998
381.4714000000001
303.15659999999997
305.92299999999994
315.17400000000004
324.2087999999999
334.24710000000005
307.4790999999999
342.50010000000003
340.90589999999975
323.1364000000001
328.6948
298.8263999999999
298.68719999999996
302.2931
837.8648000000001
353.44800000000004
349.99339999999984
447.96860000000015
338.2898
329.2403999999999
327.63430000000005
370.6968
277.3701999999999
297.3050999999999
341.5405
277.81949999999995
298.12419999999975
270.60460000000023
323.82210000000015
318.6633000000002
302.5093999999999
305.2574000000002
333.3517
461.2586000000003
297.7132999999999
334.8639000000001
310.51489999999995
326.93909999999994
370.27489999999983
297.93620000000004
318.97790000000003
284.5043999999999
319.6071999999999
281.35880000000014
295.8785
314.12760000000003
341.1643999999999
304.273
305.9571000000002
323.2527
296.23810000000014
1359.5406
755.9842999999994
1677.3833999999981
453.49479999999994
489.0565999999996
465.12899999999985
428.5287999999996
453.29839999999984
232.42930000000007
463.11469999999986
196.25180000000003
191.34279999999998
203.81950000000003
218.30990000000008
215.97760000000005
198.5667000000001
207.36069999999995
199.97970000000012
212.72889999999998
220.75070000000002
219.53810000000007
219.69449999999998
330.75750000000005
173.44339999999997
270.91929999999996
308.2596
200.34040000000007
459.89409999999987
426.0356000000002
914.8402000000001
741.2832999999997
706.3824000000001
2434.0391000000045
230.9724000000001
237.10850000000002
283.6131999999999
265.9164000000001
332.4320000000003
253.85470000000007
289.11390000000006
292.2136999999999
290.63230000000004
346.68739999999997
291.54590000000013
213.78439999999998
352.2852999999999
2161.470799999999
735.5615000000013
564.7753999999998
474.72740000000005
676.4260999999999
521.8437999999998
485.10219999999975
610.8981000000003
472.23670000000004
718.6189000000005
751.3028999999997
531.1407999999999
611.7432000000003
353.76009999999997
608.0670999999999
262.2130000000001
256.3318
489.21070000000014
235.87539999999987
553.1828
330.5150000000001
311.0242999999998
482.42339999999996
244.84810000000007
398.0325
283.13229999999976
313.73800000000006
238.05929999999998
307.2105000000001
246.48030000000006
287.0785
240.9608000000001
262.1695
243.85390000000004
241.45910000000006
273.2545000000002
353.90270000000004
249.35410000000016
258.744
252.8748999999999
260.2617000000001
327.0764
279.39879999999994
288.2928999999998
311.87879999999996
280.3840999999999
365.11530000000005
257.25499999999994
246.20039999999992
248.87709999999987
483.7050000000001
261.9816999999999
247.75849999999997
252.4686
244.61819999999994
245.27200000000002
248.2190999999999
287.34160000000014
250.52729999999997
233.50250000000008
266.5770999999999
255.0228
267.4177
266.5242
736.0395000000001
267.06559999999985
400.2967000000005
283.6904000000001
455.6519000000002
411.49709999999976
742.6194000000005
658.6125999999996
583.4266000000005
195.11629999999997
359.34609999999975
188.66280000000003
193.23800000000014
344.5955999999999
179.45319999999998
185.63780000000008
191.44110000000003
179.9418
181.55429999999998
176.76960000000005
189.1664
172.0926
183.8342000000001
186.98150000000004
178.93520000000004
172.38309999999998
187.61710000000008
176.8990000000001
172.68740000000003
176.23630000000003
181.4864
171.7381999999999
174.67909999999998
177.92370000000003
179.3568
187.17740000000003
180.12150000000003
182.83110000000002
190.46970000000005
190.77069999999995
200.2375000000001
193.81299999999996
199.10089999999994
196.54399999999995
193.19959999999992
206.38119999999998
215.48010000000002
219.46329999999995
224.8197
215.7795
217.57399999999996
221.40159999999997
216.75500000000002
213.7995999999999
218.91309999999996
217.69339999999997
253.14610000000005
225.07600000000005
343.06829999999997
273.85199999999986
261.3171
245.37159999999994
227.64519999999996
230.99770000000007
278.68400000000014
271.77370000000013
252.1449
344.9201999999998
280.9539
322.81239999999997
267.68659999999994
250.44140000000004
282.07630000000006
199.71880000000002
262.748
214.69469999999993
305.23010000000005
199.19930000000008
272.1278
514.0751000000005
1980.3152999999998
179.92619999999997
173.18239999999994
178.66200000000006
185.50319999999996
174.6069
180.7372
179.27979999999997
176.40399999999994
180.55129999999997
178.44350000000003
175.77030000000002
176.8251999999999
178.9597
180.08740000000003
177.11729999999997
168.30760000000004
171.3148
169.86120000000003
190.24499999999998
302.34159999999997
335.8847
340.07179999999994
229.0928
336.5670000000002
169.28719999999996
742.2257000000011
748.2535000000004
2196.6361
2041.0603000000008
693.4015000000004
1122.751300000001
1786.8276
1051.9954000000005
1598.3008000000004
1058.8959000000004
2074.1005000000005
240.35859999999994
230.42640000000003
993.4477999999995
1394.4182999999975
727.8812000000004
735.1801999999993
805.6569
1024.4147000000007
573.4422000000002
1467.6498000000006
956.4745999999996
689.1128999999999
547.1027
357.60810000000015
319.1171000000001
574.2607000000005
326.7967000000002
376.91719999999987
496.29299999999984
358.7413999999998
388.00449999999984
847.5317000000002
314.3064999999999
1905.0936000000002
946.4326000000004
670.5367999999999
327.30900000000014
308.52519999999987
280.7262
293.7205999999999
326.2895
296.9416999999999
2424.9444999999973
1907.2504999999999
2180.5342000000005
737.1617000000002
767.4557000000007
914.7274999999998
2365.7087
2144.6875999999997
2305.686000000001
1654.0267000000017
2179.8094999999985
2337.9921000000045
468.5136999999997
2278.0021000000006
2159.512799999999
2317.766400000004
2300.9642000000003
