2575.812300000003
2712.896299999999
2696.3486000000016
2778.6605999999992
2828.246300000001
2656.602699999997
2733.1859999999992
2742.5753999999974
2756.3676999999993
2734.429300000004
2802.2891000000027
2801.4353999999994
2774.8717999999953
2626.9390000000044
1650.4211000000007
1108.9604000000004
1733.9906999999978
645.4516000000002
800.1294000000003
1046.6043999999995
1890.8687000000004
2119.5392000000015
664.7919
1936.983299999999
740.1997000000003
1137.110799999999
1422.8378999999989
2101.4018000000015
2353.364
2171.570499999998
2472.5557000000017
2427.332899999997
2727.5943999999986
2360.9921
2407.497199999997
2456.2883999999985
2306.8911000000007
2437.974400000002
2432.3886000000034
2209.4688999999967
2360.6834999999983
2253.659500000002
2346.3237999999983
2225.5960999999998
2375.138499999998
2336.5791999999983
2283.711699999997
2291.0847999999987
2281.137600000004
2438.515700000002
2159.5669999999986
1859.5854999999995
1975.3808999999983
1510.9595000000008
2807.7535999999955
2664.740899999998
2693.5223999999935
2423.3672999999994
2517.5669999999977
2692.729399999998
2688.1288999999983
2864.8864000000003
3025.252499999996
2527.0211000000018
2348.2029000000016
2053.683900000001
2504.031299999997
2041.1484000000023
2055.9761999999987
2682.4839999999986
2268.2819000000018
2393.859999999997
1114.1463000000015
2129.389999999998
2252.164500000005
2214.0818999999997
209.06
231.36829999999995
2357.16
2284.4711999999986
2667.050199999998
1230.5386999999987
1454.6561000000002
851.737600000001
740.9337999999998
1992.2460000000015
2045.671699999999
1827.3428999999994
1134.657500000001
2751.6210000000033
2842.720199999998
2848.5148
2844.0212999999994
2340.2936000000013
2685.3481999999995
2958.9593000000013
2981.3763999999996
3000.6192000000015
2902.9105
2229.989
2580.8129
1981.930900000003
2830.6529000000014
2807.9716999999982
2318.2675000000027
563.5224
1873.7653999999995
254.39740000000006
275.3041
290.8273000000001
512.2367999999999
477.431
2477.4532
392.55860000000007
860.6412000000003
220.4397
200.70480000000003
213.99560000000005
208.62899999999996
226.9603000000001
243.1712
224.19229999999993
207.60089999999997
195.59430000000006
211.31309999999996
233.56339999999983
1615.512000000001
207.9782000000001
210.1285000000001
216.93469999999996
205.17139999999992
243.78150000000014
309.34839999999997
207.11709999999997
194.2134000000001
613.3913999999997
209.57870000000005
982.9099000000001
201.1463
235.0766
115.34349999999996
110.7612
180.6381999999999
113.24089999999997
114.0901
177.0793
113.05169999999998
109.9019
115.0819
112.15890000000002
110.97130000000003
108.68799999999999
111.24789999999999
111.3752
115.08099999999997
110.32879999999997
112.31680000000003
113.78740000000005
630.7862000000001
113.6806
161.61960000000008
740.2263999999998
588.9031999999996
166.2464
353.44200000000006
174.79110000000006
2652.7926999999995
164.50990000000002
156.44619999999995
159.04860000000002
173.23949999999996
164.95229999999998
160.49990000000003
175.913
152.70870000000002
348.0390999999999
233.50659999999993
167.6942000000001
309.07189999999997
146.65669999999992
169.4309
156.35849999999996
154.7471
163.6801
252.80749999999998
202.26790000000005
184.1272
176.2329000000001
192.8847999999999
180.17969999999994
160.65579999999997
967.0569000000002
158.498
144.83660000000006
161.8595000000001
159.13090000000003
160.2909
153.18139999999997
152.75180000000003
154.6931999999999
155.21719999999996
151.30390000000003
655.6948999999998
155.2505
163.34769999999997
156.34880000000004
644.2944
2293.543200000002
2590.5041999999967
171.53109999999998
2766.9937999999966
692.7473000000001
2837.892400000001
166.27030000000002
153.183
235.8208000000001
158.97979999999998
162.4852
156.57649999999998
160.03750000000008
164.39899999999997
164.01000000000002
165.56900000000005
281.81109999999995
3139.236099999996
321.5251999999999
2825.6424000000034
2618.9058000000005
2597.486300000001
2643.315900000001
2636.3954
173.2560000000001
2583.5755999999997
2783.020199999999
2806.523400000002
2946.1495000000014
2476.8683
2843.8367000000094
2707.8381999999992
2184.0109999999995
3196.6609000000044
2850.5115000000014
3115.949599999999
3100.6845999999973
3159.4488
2946.4670000000015
171.789
186.0922
170.58040000000005
3223.7893000000013
3075.532299999996
3225.0082999999977
3160.554100000001
3295.3336999999956
3300.2742
2968.296100000001
3285.4415999999965
3389.4001999999978
3290.779300000003
3124.472599999994
2659.8063000000006
2685.074899999996
2551.693699999997
2529.551999999991
3088.4772999999955
2424.6564000000026
2510.5899999999965
2497.8473999999983
2793.1145999999967
2353.4388
2591.1364999999983
481.6318000000001
3177.729400000004
2662.5899999999992
3093.2864000000027
2542.7834999999995
2822.3438000000006
2747.7578000000067
169.9491
153.882
157.74749999999995
153.5306
151.02870000000001
155.27849999999998
147.98039999999997
160.28629999999995
152.14559999999992
153.0664
155.35430000000002
165.57350000000002
151.1871
157.29080000000002
150.7578
153.70009999999996
160.96550000000005
148.68279999999996
154.25480000000002
151.93009999999998
155.31710000000007
159.1916
154.3209
154.51930000000004
154.24750000000006
154.59850000000003
157.91860000000005
153.5775999999999
158.45789999999997
161.01989999999998
154.76600000000002
153.8726
155.64289999999997
152.56279999999995
155.66550000000004
151.29299999999998
153.4531
159.21280000000002
152.46940000000006
162.3664
158.39040000000003
152.69470000000004
153.4764
165.4374
156.92989999999995
164.66050000000007
157.86630000000005
159.36129999999994
158.8914
155.10850000000008
164.53139999999996
158.47140000000005
157.02519999999998
158.12
161.90300000000002
164.95680000000002
159.03600000000003
159.44930000000002
156.16450000000006
152.51939999999993
153.82920000000001
161.2088
158.17970000000003
159.14389999999995
146.32990000000007
151.8345
151.31529999999998
159.2237
154.92189999999997
161.2079
156.5472
160.5152
156.3683
152.75439999999995
158.34260000000015
151.48080000000007
158.63810000000004
169.87459999999996
161.96839999999997
166.01879999999997
160.67260000000005
159.92379999999994
160.7833
165.46089999999992
169.15409999999997
173.765
176.612
183.2123
177.04720000000003
292.10089999999997
173.7199
164.3214
177.3122
174.74960000000004
275.21740000000005
176.2723
216.31670000000008
174.4176
177.48360000000002
180.9547999999999
227.49040000000014
171.1391000000001
226.47199999999995
313.76480000000004
293.2990000000001
278.67210000000006
287.49299999999994
326.6931
280.8911000000001
177.61190000000005
280.8812
586.7213000000004
166.44459999999992
195.9393
657.5031999999997
165.15570000000008
159.571
525.7284999999998
836.8221000000003
651.1319999999987
566.8829999999996
627.4920999999999
616.4553999999995
483.54740000000027
548.2052000000003
759.8769
731.9799999999994
617.6893999999998
686.2022999999999
474.18750000000006
2005.0842999999982
486.6399999999999
2029.1012999999996
2301.043500000001
2408.9245000000024
353.45339999999976
2359.0570000000025
2215.4608
2228.657600000005
2142.7686999999983
2331.688699999999
2432.332600000001
2276.1
2427.1101999999983
2377.6287000000007
2228.895800000001
2516.8921
2266.7658999999994
2186.922199999998
2640.899899999998
2829.6392000000014
3257.6045000000036
3360.614099999997
3430.9998
3399.8102000000013
3172.0301000000013
3266.462399999999
3241.2280999999994
3381.556900000002
3325.0289999999977
3313.183899999998
3274.801499999993
3296.558099999996
3230.8554999999997
3200.939599999996
3076.489600000003
2927.0268999999985
3199.5771999999974
2943.9693000000007
2711.1993000000025
3092.4429
2830.4137000000055
2914.111799999997
158.77759999999998
796.3039
133.33549999999997
2641.8769000000007
545.4848999999998
1490.2361999999994
107.63220000000001
103.48089999999998
109.98490000000001
115.80679999999998
122.93520000000002
118.67690000000002
117.2329
117.90489999999998
116.81450000000002
116.00200000000004
102.47369999999998
177.84480000000005
169.24159999999998
118.6805
453.96870000000007
115.1364
121.22519999999999
100.61409999999998
99.1251
102.7617
108.37220000000002
96.59370000000001
96.0954
103.83919999999998
113.40810000000002
109.24190000000004
116.25380000000001
103.24109999999997
106.10300000000002
104.0991
104.35829999999999
107.60379999999999
456.9624000000001
472.5082
1747.3225999999997
191.03730000000002
144.04339999999996
214.1308
201.09089999999998
190.16119999999995
195.8325999999999
116.75450000000001
384.3304999999998
147.92260000000002
109.56899999999999
154.395
168.1454
197.14889999999997
186.69430000000003
129.3687
174.4282
478.7254999999998
2768.9174000000016
2539.1217999999994
2486.295200000001
2414.8312000000014
2517.6344000000036
2599.559699999998
2524.969599999999
2746.071900000004
2638.2528
2633.4549000000006
2308.8373000000006
1062.4033999999995
2813.6791
571.0955000000002
2878.2938999999965
3000.7344000000026
641.3095999999997
1220.6491999999996
3046.9280999999974
2822.3748999999984
2540.1196000000023
2634.952999999999
310.6200000000002
680.5020999999992
2610.079699999999
292.0067000000001
2505.772100000002
2729.0058000000004
2646.9330000000004
2119.074800000003
2479.980199999999
