2167.2297999999987
2120.856500000003
1943.4634000000017
2045.5071000000003
2053.038099999999
1368.8299000000034
660.530800000001
2101.220100000002
1928.375799999997
2030.4399999999991
2097.6796999999974
1960.8004999999973
2006.1159000000032
2282.188200000003
2294.6048
2291.4945000000007
2070.1111
723.4923999999997
2242.218499999998
2315.2397999999966
1141.2004999999997
993.7407000000001
1945.9763999999986
2242.0679
2162.271700000002
2216.448099999996
2312.547200000002
2180.3577999999966
1984.6471999999994
1970.1607000000006
2295.2307999999994
2295.4507999999964
2188.0065
2060.7343
2213.1598000000017
2195.7223999999987
2271.4772000000016
2284.402
2259.2423000000013
2358.766599999998
2322.024200000001
2158.0908
741.4554999999991
2191.3207999999963
2201.236999999996
2057.6397999999995
2003.245399999997
1998.0333000000007
2324.7133999999974
2374.4633
2382.5561999999973
2164.8913000000025
2139.2148999999986
2203.738300000001
2107.947999999999
2208.3400000000006
1916.2142000000006
2347.2221
2164.916599999998
2347.648900000001
2355.4977999999974
2356.476900000001
2304.996900000002
2304.8213999999984
2188.4537
2362.364099999998
2611.2298000000033
2581.8381999999992
2570.320299999998
2269.2780000000002
2207.7869999999975
2517.803400000001
2361.749099999999
2635.1769000000045
2426.457700000002
2126.318699999999
2376.0053000000003
2537.359600000003
2174.4035000000013
2068.1593000000003
2415.9132999999983
2135.8188000000014
2478.498500000004
2674.431799999998
2606.309000000002
2665.2605000000035
2764.1475000000014
2745.8030000000012
2438.328399999997
2305.365100000003
2422.0989000000013
2543.6853999999976
2050.9741000000013
2573.9282000000003
2320.5166
1761.3001999999992
2551.5547999999976
2484.153900000002
2152.481699999997
2219.049200000003
1964.9141000000013
1982.3255000000015
1934.5915999999993
2024.183100000001
1971.5035
2436.6859000000013
490.9689000000001
2387.4484000000007
2250.7426
2046.845300000001
1927.3588000000009
664.7925000000002
1083.7248999999993
1963.7923999999969
2035.2800999999993
1050.2829000000002
907.5074999999998
1886.5674
790.5960000000003
1936.922099999999
2071.9310000000014
2075.8039999999996
2013.234599999999
2099.9174000000003
2142.703700000002
1966.5272
1933.6491000000028
1074.3552999999995
1069.7380000000003
2210.145000000001
2268.2457999999997
1887.0657
2139.9925999999987
2187.5007999999993
2203.2594
2138.5204
2141.4214000000015
2301.5933999999993
2280.297200000002
2260.4474999999966
2154.9213999999997
2185.2876000000006
1974.6018000000013
2211.1412999999984
1974.8523999999975
2245.2900999999974
2023.373200000003
2174.8964000000014
1892.2418000000014
2038.8549000000003
2188.9616000000015
2353.7361999999985
2349.5510999999997
2323.415200000002
2279.0002999999992
2282.4105000000004
868.3709000000003
1011.9989000000004
901.6819999999999
2021.2271999999994
2314.2957000000006
2460.8249
2301.8004999999994
2408.4298999999996
1050.5917000000004
2466.0517999999993
2484.192200000002
1261.8523999999993
900.3826
2164.2427000000016
880.1587999999997
1370.8014999999987
1691.1513999999993
796.0937000000002
753.6405000000001
2115.9948999999974
1285.0931999999996
840.4482999999996
873.9214000000001
1666.4596000000004
1962.4810999999997
825.8973999999993
1029.6891999999991
2075.5466
1944.3129999999978
854.1513000000003
887.8312000000001
2014.1387000000016
2060.385500000001
854.7147999999997
835.0722000000003
1653.0416000000016
882.1414999999996
862.2068000000005
865.9228000000006
832.6213000000001
820.2959000000003
1917.5330000000015
2043.532100000003
2035.4665999999984
1022.9956000000004
2027.878599999998
2203.6974
2359.8613999999984
2274.4444999999973
2271.361799999998
2371.5922000000014
2267.3877000000007
2353.543800000003
2215.6470999999974
2271.2795999999994
2314.9118000000017
2256.2164
2302.3222000000023
2172.3631999999993
2284.524200000003
2243.4918000000025
2218.7068999999997
2319.6035000000034
2442.373700000002
2421.2489000000032
2414.0112999999974
2779.3213999999984
2712.9395000000013
2760.5894
2798.527100000003
2604.7815000000005
2697.2031
2808.9909999999977
2842.057999999999
2718.9382000000005
2681.9528999999984
3433.5940999999953
3508.369800000005
3543.6370999999936
3491.3226999999997
3217.8989999999976
3174.442500000006
2548.5903999999946
2598.514800000006
2563.4266999999986
2718.755600000001
2617.8578000000075
2637.1971999999987
2682.5517000000027
2578.2380000000035
2629.2762999999995
2660.573699999997
3191.347499999999
3187.2097000000035
3191.8959999999984
3123.854099999998
3173.795500000002
3224.7991
3168.3612000000035
3158.738500000003
3240.2408000000023
3211.230300000002
3225.6424999999977
3090.2489999999993
3252.6217000000033
3205.8814000000007
3156.2474000000016
3202.2347999999997
3210.0330999999987
3178.001400000007
3253.1757999999977
3331.2643999999973
3251.440099999996
3372.822499999996
3372.682999999999
3405.4304000000006
3417.1307000000043
3464.589899999998
3414.7299000000035
3458.7644999999998
3481.4074999999993
3365.181300000001
3395.973399999996
3364.776400000002
2830.4912000000027
2915.041200000001
2959.4841
2864.7643000000007
2958.237699999998
2985.438200000002
3213.125299999995
2889.3925999999988
2749.821999999998
289.3037000000001
314.99089999999995
286.6942
297.45149999999995
292.8065
290.38090000000005
284.4761
342.93119999999993
335.25490000000025
324.3501000000001
2879.1358000000005
295.0767000000001
239.27429999999998
242.79899999999992
288.6911
280.44249999999994
256.2982999999999
263.3832
249.24260000000004
232.82290000000017
222.83009999999993
252.12020000000007
230.44319999999996
255.69790000000003
3184.3734000000027
3097.3405000000034
3138.1081999999983
3055.1470999999956
2875.9735000000037
2482.5850999999984
2493.757900000001
2524.3896999999993
2769.088500000003
2610.381400000003
2252.4650000000024
2329.4514000000026
2297.184
2277.878499999993
2264.706900000002
2308.1526999999987
2296.9007999999985
2326.6356000000014
2287.1792000000005
2295.6284000000005
2275.2741000000005
2245.972699999999
2234.2770999999984
2067.9249999999997
1971.329800000001
1907.0956
2211.9312999999997
2149.662599999999
318.15850000000006
2092.190899999999
256.45149999999995
338.25109999999995
307.40100000000007
577.8943999999999
2787.8925
2790.0518000000034
2796.1814000000045
3016.4648000000066
3112.239300000002
2759.1582999999982
1587.3900000000012
2701.413700000004
2321.1803
2279.442600000004
2348.4458999999993
2303.487399999995
2326.2484999999965
2348.2165999999957
2462.113599999995
284.0057
315.2157
329.2759999999999
321.18059999999974
312.24679999999995
329.5404000000002
360.94289999999995
324.09979999999996
436.86350000000004
433.9285000000001
412.65099999999984
483.8099999999997
408.0653000000001
325.101
329.9809999999998
861.9042999999996
2163.8154
895.1297000000001
2363.3735000000006
2888.9867
2608.592200000001
2823.274100000004
2571.5246999999995
2543.9230999999995
2547.432100000001
2670.6299999999956
2723.7377000000033
2327.5846000000015
2201.5126999999998
2230.8113000000003
2096.8255999999988
2852.924
2854.672699999996
2833.437800000003
2923.772699999997
2223.355699999998
2292.3399
2240.682400000001
2769.9636000000014
1974.865499999999
2561.2255000000027
2520.9664000000016
2844.852999999997
2470.890699999998
2700.5347000000047
2573.7774000000004
2685.1535
2068.396999999998
2191.718099999997
2592.450100000002
2335.8659999999963
2452.932100000002
2277.7629
2298.7521999999985
3491.738799999999
3432.653400000004
3481.9446000000016
3480.3768999999998
3457.888800000001
3442.7831000000024
3417.3920999999996
3446.0613999999955
3477.1988000000006
3480.7253999999953
3450.7837000000004
3517.8711000000003
3454.5813999999978
3470.462200000004
3508.477799999999
3480.2901999999976
3448.3910000000014
3488.972299999999
2981.975799999999
3725.290800000001
3660.7350000000006
3568.469700000004
3403.806900000002
3389.725000000001
3512.9875999999963
3305.2338000000004
3372.444600000003
3603.8231000000046
3666.738400000005
3389.6248000000046
3153.7701
3444.5152000000007
3623.9800000000005
3701.646599999996
3355.300200000001
3399.8164000000033
3379.1407000000017
3084.677299999998
3563.673800000003
3349.016999999998
3348.216899999993
3348.2451000000005
3522.1910999999977
3314.482500000003
3758.8333000000025
3629.4091000000008
3767.2617000000046
3713.455600000001
3514.713699999999
3683.9294999999997
3780.8989999999967
3636.332999999995
3504.366699999998
3475.8574000000012
3678.615399999993
3663.400599999999
3636.299600000004
3625.9802999999974
3796.661799999999
3502.6472000000017
3681.9551000000006
3699.363700000002
3248.0735000000013
3479.573799999997
3683.575700000002
3615.222699999999
3642.537499999998
3626.3606999999984
3729.084900000001
3601.362099999997
3718.235299999995
3611.2769999999987
3772.464500000004
3653.2019999999966
3688.6833000000006
3805.5668999999953
3433.7643000000003
3282.7778000000017
3723.270900000006
3108.9499000000037
3358.029799999997
3365.892800000004
3167.3231000000005
3340.5888999999993
