2712.475799999999
2737.8295999999955
2753.866999999995
2653.1214999999966
2774.5597999999995
2706.397500000003
2738.7677000000003
2738.9062999999974
2784.8832999999986
2661.4023999999986
2763.5885000000017
2781.113199999995
2804.8466999999946
2713.067999999999
2878.4695
2668.409200000002
2809.631999999995
2684.415399999998
2747.024099999993
2765.7341999999994
2714.4924000000005
2853.012399999999
2795.2133000000017
2684.3876000000023
2798.6806
2666.4638000000023
2861.3661999999986
2688.9195000000022
2798.080700000002
2747.319299999995
2750.121300000002
2638.9207999999976
2690.1462999999962
2760.4476999999983
2641.8402999999976
2767.3380999999977
2720.488500000003
2626.762100000002
2692.2625999999977
2871.608599999998
2654.3850999999972
2822.1110000000026
2710.8493000000017
2864.6198000000004
2719.6588000000015
2851.449999999998
2805.403499999997
2522.9042999999956
2749.4177999999984
2827.902600000001
2790.2783999999956
2710.9509999999996
2849.032500000002
2899.339599999998
2709.294500000004
2700.477000000002
2704.832400000001
2852.1326999999947
2806.1266000000014
2750.668400000003
2592.910099999995
2710.845200000006
2677.721899999999
2826.9406000000004
2719.019100000002
2582.5678999999986
2910.3988999999974
2734.171000000004
2786.3024000000005
2780.8266999999955
2793.176900000005
2685.1067000000007
2824.1665000000016
2816.3260000000028
2758.0084000000024
2855.5813000000044
2822.6415999999967
2779.193699999996
2801.2143999999985
2812.4338000000007
2832.0548000000017
2813.0320000000015
2656.1584
2673.3729000000035
2736.1270000000004
2745.1356000000055
2736.471300000002
2756.4828999999972
2740.2708999999986
2934.1360000000045
2819.7511000000013
2782.195400000004
2872.117099999997
2745.3178999999977
2878.9367000000025
2786.6596
2903.6287000000043
2714.044200000001
2657.671899999998
2687.563699999998
2864.7691999999934
2828.4930000000036
2898.3680999999997
2839.068700000002
2800.522700000003
2852.0674000000026
2847.225499999998
2808.247699999996
2785.4768000000026
2911.0736000000006
2876.9051000000027
2842.4788999999996
2795.492399999994
2860.125199999999
2750.8615999999975
2903.7687999999985
2710.8357000000024
2874.214399999998
2821.9609000000046
2760.947700000001
2765.7571999999986
2844.6739000000002
2759.6677999999943
2748.9346999999984
2767.964999999999
2735.391300000001
2664.6863999999996
2831.397599999999
2871.5429000000026
2773.2152999999967
2863.514200000002
2721.893599999998
2861.232899999996
2783.3174999999974
2829.929800000002
2754.043900000002
2736.605299999999
2707.5651999999945
2715.956500000003
2700.2662999999984
2789.017000000001
2850.0054
2673.427099999997
2740.3335000000006
2940.8020999999976
2684.1880000000006
2822.2518000000005
2766.2512000000006
2781.068499999998
2814.5785000000005
2695.4282999999964
2666.608999999999
2819.968700000002
2897.6193999999973
2832.1033999999986
2779.1605000000045
2735.3010999999988
2737.015799999998
2716.601000000002
2651.644299999999
2744.023300000002
2787.4292000000023
2744.6009999999997
2855.9066999999955
2841.8555999999976
2915.8896999999997
2834.677600000004
2741.428900000003
2747.4197000000017
2757.311900000002
2780.384600000002
2820.785500000001
2770.5374999999963
2832.964000000001
2799.968100000003
2838.4650999999976
2682.0078
2765.5913
2679.6731999999984
2836.0069999999982
2924.166299999999
2860.5917999999974
2722.075299999998
2683.7121000000016
2724.8236000000015
2784.9144000000024
2570.9515000000006
2830.880099999999
1163.9610000000011
2690.8121999999976
2793.4703999999974
2762.885599999998
1610.6836000000008
2788.284500000003
2733.4919000000023
2684.9935999999975
2889.8963000000035
2770.443499999997
2721.9353999999958
2742.513299999997
2773.7236999999964
2792.4591999999984
2752.6562000000013
2620.4413999999965
2821.4971000000055
2515.364999999999
2750.332000000001
2838.994299999999
2492.8776999999986
2720.4498999999987
2623.9362999999967
2651.0199000000016
2616.9570000000017
2703.2965000000013
2733.660099999998
2468.7302999999933
2695.8466000000017
2748.1548000000016
2670.9860000000026
2802.747200000002
2583.743300000002
2801.0636000000045
2651.7476999999967
2629.092000000003
2692.877600000005
2707.9492999999948
2507.2542999999996
2819.950399999995
2753.342
2488.8769999999977
2713.329699999999
2837.418999999999
2709.987199999999
2740.283699999998
2646.9768
2662.745500000002
2627.502000000002
2679.3998999999985
2727.7806000000055
2763.7615000000005
2560.8818999999985
2762.8376000000026
2730.2727999999975
2778.7664999999993
2791.3797
2756.9163000000003
2693.588700000001
2772.138299999996
2623.907600000001
2850.460099999997
2665.0935000000004
2752.2235000000032
2692.653800000003
2741.4812
2717.376099999999
2703.026100000004
2681.464599999999
2700.373799999998
2832.858600000001
2837.5124000000023
2774.0083000000045
2737.207000000005
2777.2528999999986
2717.5199000000002
2702.6249000000016
2718.1955999999973
2690.2643999999987
2728.1406000000025
2578.8831999999984
2731.0293999999935
2588.628599999999
2559.8677000000016
2708.7038000000025
2631.7329000000004
2544.9617999999987
2677.756600000003
2720.6414000000013
2749.062500000001
2765.9188
2703.6693000000023
2731.1121000000016
2613.7377
2693.6531
2708.1758000000004
2793.2074999999977
2577.2843999999996
2815.9465000000027
2608.4853000000007
2702.415600000002
2782.9065000000005
2715.9183999999977
2683.627200000002
2583.631200000001
2547.7531000000035
2558.616099999998
2749.532099999998
2760.2536999999998
2768.1843999999965
2649.6532000000034
2539.1239000000023
2814.6780000000053
2767.0081999999998
2757.112999999998
2629.4168
2807.9529999999972
2604.0106000000014
2738.9887999999996
2643.042499999998
2697.3250999999977
2786.861299999998
2586.4420999999957
2661.483200000001
2663.3199999999947
2702.305899999999
2591.3961000000004
2672.781300000001
2548.5861999999993
2739.9952999999978
2657.8161999999998
2794.5236000000004
2732.4573999999975
2741.5975999999996
2565.948499999997
2633.3407999999995
2827.2762999999986
2672.534600000002
2659.6693999999984
2563.2475999999992
2617.184500000001
2641.7655999999974
2574.2402999999968
2642.2797000000005
2815.1516999999994
2517.2371999999978
2605.6489
2716.5016999999975
2644.4163000000026
2675.8187999999973
2743.1626
2532.9125000000004
2743.1637000000005
2826.936999999998
2623.3217000000036
2697.9395999999997
2790.0161000000044
2664.3221000000003
2475.5586999999996
2764.161199999998
2606.2394000000045
2649.0821000000005
2607.629400000002
2814.260899999999
2729.7397999999985
2661.1120000000005
2643.6525
2726.9717999999943
2767.8152000000005
2647.2050999999983
2760.667999999998
2672.574500000001
2738.9719000000023
2599.3336000000004
2674.7207000000003
2721.941300000002
2784.842699999998
2720.593000000001
2741.8238000000006
2778.8060999999966
2810.7239999999993
2772.8179000000055
2590.237900000002
2720.9509999999955
2770.6240000000043
2732.513299999996
2520.1011
2729.3392000000003
2664.7382999999973
2700.816799999999
2611.316999999998
2681.4583000000007
2790.6088999999974
2638.6066000000023
2611.565900000004
2712.2588999999984
2641.0164999999974
2714.3253999999965
2680.4721000000004
2660.2541
2709.851499999997
2710.7653999999966
2746.366500000002
2622.1000000000045
2537.9650999999985
2678.3590000000004
2624.330899999998
2677.513100000002
2542.2782000000007
2655.004200000002
2662.7784999999985
2608.6023999999984
2613.876299999996
2791.5574000000042
2796.613200000001
2677.0456000000017
2663.059600000001
2530.270199999998
2594.883100000001
2799.213099999999
2567.0107999999977
2531.1431000000016
2669.7401999999993
2745.7498999999993
2639.5234
2536.5059000000006
2643.4917999999984
2747.7282000000037
2600.0318
2729.8804999999943
2661.888500000003
2633.0381
2616.075999999998
2516.6627000000035
2719.111200000002
2537.8614000000016
2725.300800000001
2848.4655000000007
2708.030399999999
2659.6185999999975
2631.1549999999984
2551.9238000000014
2632.947000000001
2733.471199999999
2715.7237999999975
2569.589399999998
2754.210599999998
2726.0765000000024
2752.775000000001
2736.0873000000024
2643.325300000003
2667.2236999999973
2766.4165
2646.2976000000003
2688.0777999999973
2585.8593000000037
2701.2580999999973
2692.442000000003
2575.984400000001
2724.4738999999977
2644.241599999998
2643.5372000000016
2572.7197000000006
2615.6062
2729.5074999999983
2637.834899999998
2560.122099999999
2560.5060000000003
2624.6683999999955
2719.0804999999987
2627.3933000000034
2726.512000000001
2614.606499999997
2771.5552000000043
2627.9126000000024
2626.6124000000023
2614.395099999999
2656.673099999997
2582.627
2637.3617999999997
2709.6143
2652.2685999999976
2779.6789000000017
2545.992000000003
2581.3106
2771.1980000000003
2661.2262999999994
2646.095499999999
2698.7341
2543.316199999997
2771.4367000000007
2620.0998000000004
2669.339999999998
2542.0638999999965
2707.6042000000007
2767.8633000000004
2708.5129999999995
2655.9920000000047
2713.157200000001
2650.337300000001
2822.2169999999983
2697.3115000000007
2687.6085999999973
2641.7344999999973
2752.1930999999963
2752.877099999995
2662.322499999998
2693.0745999999995
2715.4542999999976
2713.4446000000016
2587.835300000002
2680.9365000000034
2676.3430999999996
2661.1133000000027
2710.592300000003
2733.140300000001
2753.755799999998
2742.3855000000003
2629.6503
2710.7096999999967
2690.421099999998
2624.5899999999992
2638.5348
2630.337700000002
2628.7759999999994
2785.810299999996
2800.1829000000002
2448.8363000000013
2619.108499999997
2746.2263000000007
2644.812499999999
2672.919799999999
2617.964600000002
2773.8425999999963
2581.4684000000007
2682.0154000000007
2639.229
2719.3964000000024
2597.062199999997
2559.564799999998
2620.4999999999995
2703.569199999999
2631.7767000000003
2651.7731999999996
2642.422099999999
2689.608099999998
2606.4468
2762.924899999998
2704.499000000002
2644.4249999999965
2680.852899999999
2700.274500000001
2628.3239999999987
2665.0213999999996
2709.6999000000005
2644.921499999998
2686.056499999998
2671.3266000000012
2606.2139000000043
2561.5829000000003
2651.1611000000003
2679.5290000000005
2678.791399999999
2628.240499999998
2588.945599999996
2597.0938000000015
2691.9778000000024
2670.227200000002
2585.5473
2561.128400000001
2675.9333999999976
2683.800200000002
2671.3049999999985
2713.533999999998
2586.889199999995
2641.507500000001
2712.1336000000006
2610.681900000003
2645.9348
2788.739100000002
2695.6844000000037
2760.6235000000024
2799.519699999997
2730.248900000002
2642.540100000001
2687.8568999999975
2694.9418000000005
2570.876
2567.450100000003
2660.3127999999997
2608.996400000002
2773.725700000005
2716.444800000003
2741.0073000000007
2557.8140999999982
2607.1818999999973
2688.254000000003
2694.7624999999994
2760.515999999999
2638.2429
2659.0286000000015
2530.5807000000013
2762.374199999998
2670.3577000000014
2700.564299999999
2591.9349000000007
2660.9954999999977
2650.422199999999
2548.1951999999947
2861.929200000008
2633.720699999998
2661.705100000002
2658.7706999999996
2703.5025000000023
2599.461200000003
2697.505399999999
2703.9109000000003
2761.0510000000004
2499.890099999998
2675.4075999999973
2612.167400000001
2657.5395999999964
2766.2537999999977
2619.4130999999966
2482.645500000001
2607.912000000002
2744.4073999999973
2719.0194999999994
2744.1389000000004
2641.115200000004
2762.3292000000006
2704.170899999999
2675.4962000000032
2536.5129999999967
2792.438999999998
2807.049200000001
2745.9115999999985
2656.4343000000026
2713.403099999999
2691.6315999999993
2678.6734
2696.390100000002
2600.143600000004
2668.4646000000002
2597.826600000001
2671.778099999999
2681.880300000002
2516.1086999999993
2723.200499999999
2660.5168999999987
2649.884199999998
2741.1829999999964
2661.289299999997
2736.860500000004
2747.639599999998
2630.749300000004
2668.7137000000007
2623.6814000000018
2649.008899999996
2645.520499999998
2657.5093999999954
2700.9124000000015
2698.428499999994
2716.996099999999
2641.0700999999967
2769.4361000000026
2681.0580000000027
2651.891799999999
2617.465500000004
2775.4368
2640.0568000000017
2711.2151
2708.983100000004
2628.8554999999988
2684.902400000003
2759.9576000000015
2591.8076
2638.4904999999994
2675.2482999999993
2639.654899999998
2582.7236999999977
2655.4794999999954
2798.454100000002
2610.4792000000016
2538.101299999997
2701.5476000000012
2596.3962000000024
2536.6467999999995
2620.4284000000043
2702.6004000000007
2727.5164000000004
2756.666600000001
2550.5285
2747.017999999998
2668.0937999999987
2638.851600000002
2642.479600000004
2688.7430999999997
2714.023899999998
2670.127599999998
2704.2501999999995
2543.0469000000016
2643.220299999999
2765.9691
2526.8988000000004
2762.9042999999983
2700.7223000000004
2648.394900000001
2666.6820000000002
2588.121100000002
2658.3882999999983
2754.779900000002
2769.583399999994
2733.1077000000005
2649.148799999997
2773.1498999999985
2829.2413000000033
2588.227199999998
2849.5481000000023
2717.6888000000017
2703.238100000001
2701.0303
2692.983700000003
2702.0046999999972
2598.176099999997
2768.4296000000004
2730.2205999999965
2620.3881000000006
2645.827900000007
2696.9072000000037
2704.3841999999927
2585.6716000000024
2665.629500000002
2790.1155999999996
2747.7171999999987
2628.1363
2634.372000000003
2703.0176
2690.6598000000035
2671.337799999998
2748.932800000005
2687.966300000001
2706.167999999998
2744.997199999998
2712.314300000002
2815.7738000000004
2758.126600000002
2619.6583999999984
2718.684800000002
2695.6901999999977
2705.961299999999
2672.6075000000005
2823.7842000000055
2766.233700000001
2692.0202000000013
2676.362600000002
2674.7545999999993
2768.4259
2688.9246000000007
2546.6541999999968
2747.456600000001
2646.492400000001
2646.9381000000026
2695.6379999999945
2676.4109999999973
2605.4603999999963
2713.4089999999987
2704.9907999999987
2740.2470999999996
2630.5789
2695.2097999999996
2685.5451
2797.0542999999975
2693.9534000000017
2713.6466000000014
2649.7467000000006
2751.1421000000014
2591.9198000000006
2738.268100000003
2788.6461999999988
2797.586700000003
2614.8978
2675.2086999999983
2791.4727000000007
2593.191599999999
2763.1392999999994
2777.8822999999966
2666.856199999998
2650.922
2553.5186000000017
2663.0611000000026
2659.020699999999
2626.5097
2816.605599999999
2562.6559
2722.964899999999
2782.4772999999986
2734.8109999999974
2681.423299999998
2663.182699999997
2534.8040999999953
2652.5991
2671.2133000000044
2715.886500000003
2731.9574000000034
2718.9358000000034
2674.472099999998
2799.3673999999996
2663.004599999999
2687.627700000005
2640.939499999997
2755.466300000003
2695.7189999999996
2764.646900000005
2763.2535000000034
2711.2640999999976
2680.7076
2686.2684000000004
2692.586699999998
2775.093200000001
2692.534
2768.8345999999983
2811.385699999997
2717.6055000000006
2738.0021000000015
2767.3671000000027
2798.3302000000035
2664.1094000000035
2809.7457000000004
2690.8032000000003
2668.992600000001
2760.426199999999
2702.552100000003
2631.6478999999963
2662.673000000003
2702.7910999999963
2784.2241
2711.4752000000003
2775.650000000003
2674.2989000000002
2801.691600000002
2790.0601000000015
2719.0389000000027
2852.314899999995
2732.275400000003
2806.1858
2655.923500000003
2785.7816
2747.9002999999966
2742.4016999999985
2651.8344000000034
2706.283300000002
2744.501700000001
2770.1827000000003
2766.8598999999963
2582.1197000000006
2712.8626000000017
2715.2117000000026
2631.410499999999
2614.2859000000003
2790.471400000001
2722.9671000000044
2781.0801000000015
2756.472600000002
2744.0883999999996
2763.6984999999986
2759.049499999998
2699.4235000000003
2842.630300000002
2731.9271999999996
2668.516100000006
2735.5030000000015
2735.2029000000016
2770.161300000003
2591.8390000000013
2738.6868999999997
2599.618000000002
2770.653600000003
2843.8487999999998
2763.3764999999953
2686.3407999999968
2673.463800000002
2584.614300000002
2614.9592999999963
2737.5108999999975
2773.5825000000054
2751.171699999999
2720.4543999999996
2791.089100000001
2761.4476000000004
2701.0591999999992
2690.4280000000026
2747.6557999999977
2628.6343999999945
2774.884900000002
2732.7520999999956
2739.416899999998
2730.625399999997
2780.0189999999993
2756.718300000003
2772.217299999997
2588.3513000000034
2691.7108999999964
2731.486399999999
2751.3775000000005
2609.8437999999987
2817.343899999999
2732.410899999999
2674.9393999999998
2690.733799999996
2723.9142999999985
2588.8310000000015
2648.674899999997
2546.696700000002
2768.1013000000034
2722.8667999999984
2665.3624000000023
2675.736400000001
2747.8899999999935
2690.5274999999965
2675.8225000000007
2723.3231
2703.317099999998
2759.2938000000026
2751.534899999999
2741.9012999999973
2570.4836000000023
2648.2817
2675.3922999999972
2677.8262999999993
2596.4932999999987
2602.0860000000016
2683.3468000000007
2683.8634000000006
2781.164200000001
2795.2473999999975
2681.5778999999998
2759.4752999999946
2788.402299999999
2698.1264000000037
2773.8898000000027
2592.843399999998
2672.683100000002
2526.9306
2802.971600000006
2650.133400000001
2669.708199999998
2627.343700000002
2686.237800000001
2597.252299999998
2666.524
2525.233100000001
2797.0856
2650.5338999999976
2657.2527000000014
2642.3211
2694.377200000001
2739.026399999999
2722.744999999998
2753.5344999999998
2738.2380999999987
2796.076600000004
2638.3637000000017
2722.9702000000025
2667.8034999999963
2740.867600000001
2687.718000000001
2657.2672000000007
2629.746200000003
2633.9046
2615.7054999999978
2675.8452999999995
2705.9369999999967
2727.6946000000016
2706.517200000004
2738.6391000000035
2712.948700000003
2526.1353000000026
2694.8506999999995
2738.608900000002
2714.1973999999977
2659.0141999999987
2732.1994000000027
2666.1369000000004
2728.3021999999974
2719.566800000003
2675.1413000000016
2806.601199999999
2681.6114000000043
2817.7933
2760.9605000000056
2757.8284000000012
2621.7786999999985
2712.6214999999975
2793.888200000001
2743.135200000003
2704.118999999997
2741.841000000004
2796.6906999999997
2739.4442000000035
2648.6420000000007
2689.601900000001
2737.7880999999993
2784.218499999997
2675.3594000000016
2692.1431999999995
2754.452999999999
2726.8299999999986
2771.3521000000005
2736.2704999999987
2808.8828
2739.8044999999984
2816.299199999999
2856.0565999999967
2671.785900000002
2724.9304999999986
2797.7498
2777.5622999999996
2748.399300000001
2768.4418000000046
2655.7385000000027
2694.8880999999956
2624.5733000000027
2766.5335000000023
2715.3680000000018
2799.397299999999
2743.8157000000033
2839.377999999996
2650.0456000000036
2675.354399999999
2665.2247999999977
2816.7552000000014
2703.038499999999
2766.199799999996
2725.146200000002
2680.8490000000015
2752.7244000000005
2717.0727000000015
2780.1776999999975
2817.6838999999973
2653.5803999999994
2676.805200000004
2577.1699999999973
2737.2974000000013
2624.5337
2833.2673
2778.7033999999994
2708.9697
2751.4885999999997
2768.847299999998
2648.055000000001
2727.7315999999987
2789.8658999999966
2691.1047
2674.833899999999
2830.3108000000034
2689.866299999999
2687.672700000006
2715.113000000002
2810.603900000001
2705.0255000000043
2732.7862999999993
2611.1039999999994
2699.6621000000027
2735.990999999998
2767.398200000002
2622.8867999999998
2776.3382999999976
2775.3591000000024
2823.6725000000038
2736.696499999996
2842.2826999999975
2788.3724000000034
2702.1449
2731.5108000000023
2735.9696
2830.9642
2698.439199999995
2790.5323000000067
2696.9699000000005
2695.156199999996
2689.3377000000023
2782.7799000000005
2587.8958000000016
2681.037899999998
2713.873700000002
2751.3466999999955
2723.997100000005
2577.971800000001
2779.119900000003
2782.175499999999
2635.495600000001
2775.797899999993
2670.939899999999
2686.608900000001
2677.2512000000006
2762.202600000001
2724.243400000003
2704.813699999999
2814.7779999999975
2714.5614999999925
2670.6823000000004
2863.620800000004
2766.9531999999995
2894.5655999999954
2748.914900000002
2752.230300000001
2806.0429999999988
2673.108299999996
2714.242800000001
2767.4989000000032
2759.377399999997
2746.3624
2787.2388000000024
2738.0796000000014
2788.2926000000025
2760.9725999999964
2668.5215000000003
2671.3581999999965
2810.9566999999965
2742.346400000001
2820.3236999999986
2710.7334999999975
2657.2337000000016
2710.8264000000036
2794.6312999999996
2720.226700000001
2706.7365
2788.174500000003
2717.639100000003
2714.4843000000014
2797.5527
2720.7651999999994
2774.3301000000038
2714.133800000004
2656.2939000000038
2701.3262000000027
2766.4733
2759.5623000000005
2806.3441000000003
2796.6341999999977
2835.4360000000047
2744.4657000000025
2711.8667
2722.586199999998
2783.0937000000026
2692.7322
2793.1038000000017
2707.159700000003
2828.1687
2581.7551999999973
2802.0802000000012
2744.981099999996
2635.046099999998
2664.7256999999986
2742.180599999999
2837.8981999999996
2800.256200000003
2813.802499999999
2768.1164000000026
2781.4646999999995
2842.741500000002
2771.3383999999983
2796.8590000000013
2760.5732000000016
2646.859799999997
2659.5193000000013
2858.610799999999
2821.9620999999966
2704.0830000000005
2744.7456000000034
2691.647000000002
2794.2653000000028
2804.7691999999984
2689.239200000002
2675.5646000000015
2698.079999999999
2792.544000000002
2792.8675000000017
2764.4291
2763.9239999999954
2749.774900000008
2808.4737000000023
2805.4921999999974
2765.2512000000024
2753.2729999999997
2748.778999999999
2736.900199999998
2767.2667999999985
2766.0370000000003
2642.9783000000025
2831.037899999997
2696.890400000001
2716.5694999999982
2716.947400000002
2660.2715000000003
2753.249199999995
2790.6813999999936
2823.847099999999
2743.1320999999984
2720.1638999999973
2782.2896999999984
2682.628599999993
2820.8459999999955
2641.2491000000023
2769.8162999999977
2748.654700000002
2570.836000000002
2788.9612000000006
2633.8797999999983
2695.3289
2761.680000000007
2788.8006999999993
